 H  aug-SZV-MOLOPT-ae
                1
2 0 1 4 3 1
 0.0654284286  0.0000000000 -0.6121238451  3.0262809744  0.5859881132
 0.1688554040  0.4446345422  1.1762871789 -2.0322170890 -0.1029772065
 0.6239137298  0.5353281423  0.1373952735 -0.0195388621  0.0413342776
 3.4252509140  0.1543289673 -0.0105292005  0.0051176050  0.0014909234

C aug-SZV-MOLOPT-ae
             2
1 0 0 3 1
71.6168373500  0.1543289673
13.0450963200  0.5353281423
 3.5305121600  0.4446345422
2 0 2 4 2 2 1
 0.1145589556  0.0000000000  1.6412690153  0.0000000000  0.8118208262  0.0265392317
 0.2222899159  0.7001154689  1.6673597185  0.3919573931 -0.8624489777  0.2004431968
 0.6834830964  0.3995128261 -0.4671568771  0.6076837186  0.3562150386  0.0338150090
 2.9412493550 -0.0999672292  0.0762641339  0.1559162750 -0.0217965090  0.0080566675

N aug-SZV-MOLOPT-ae
       2
1 0 0 3 1
99.1061689600  0.1543289673
18.0523123900  0.5353281423
 4.8856602380  0.4446345422
1 0 2 4 2 2 1
 0.1120121090  0.0000000000  0.0382351420  0.0000000000  0.0399584300 -0.0010061836
 0.2857143744  0.7001154689 -0.0428941139  0.3919573931 -0.0250359457  0.0999980758
 0.8784966449  0.3995128261 -0.0458813693  0.6076837186  0.0016038481 -0.0033697752
 3.7804558790 -0.0999672292 -0.0000681417  0.1559162750  0.0000279747  0.0106305030

O aug-SZV-MOLOPT-ae
       2
1 0 0 3 1
130.709321400  0.1543289673
 23.808866050  0.5353281423
  6.443608313  0.4446345422
1 0 2 4 2 2 1
 0.1624916150  0.0000000000  3.4621128858  0.0000000000  0.1443111927 -0.0497158017
 0.3803889600  0.7001154689  1.9899999845  0.3919573931 16.4795006304  0.1125702692
 1.1695961250  0.3995128261 -0.0002687660  0.6076837186  0.0074236090  0.0086540273
 5.0331513190 -0.0999672292 -0.1953504334  0.1559162750  0.0060011727  0.0038938323

