 H  aug-SZV-MOLOPT-GTH
        1
   2 0 1 6 3 1
 0.0821931844 -0.1316128615  0.4071355144  0.2139998661  2.2917775933
 0.1200000000  0.0000000000 -1.1396403982 -0.2363837584 -1.8794183880
 0.2391161505 -0.4531821866 -0.9969753315  0.0035165428  0.4005718804
 0.7915015391 -0.4438188612 -0.0208218805 -0.0066795283 -0.0107192155
 2.6802228681 -0.1222022121  0.0000000000  0.0000000000  0.0000000000
10.0684682285 -0.0339174449  0.0000000000  0.0000000000  0.0000000000

 H  aug-DZVP-MOLOPT-GTH
       1
  2 0 1 6 3 2
 0.0400000000  0.0000000000  0.0000000000 -0.6814257167  0.0000000000  1.9664233722
 0.0821931844 -0.1316128615  0.5227087380  0.6595339523  0.8690318540 -2.7599647638
 0.2391161505 -0.4531821866  0.0494796212 -0.1998406218  0.5479196782 -0.7722291742
 0.7915015391 -0.4438188612 -1.1557071155 -0.0288817150  0.4771832409 -0.0431407499
 2.6802228681 -0.1222022121  0.8433183289  0.0000000000  0.1224495665  0.0000000000
10.0684682285 -0.0339174449  0.0591937755  0.0000000000  0.0099051344  0.0000000000

 H  aug-TZVP-MOLOPT-GTH
                   1
 2 0 2 7 4 3 2
 0.0217082436 -0.0011251955 -0.0596931713  0.0354351506  0.5000000000  0.1201013165  0.1778769886  1.0169955069 -0.3483071601  0.3915907613
 0.0669180040  0.0371481214  0.4387031330 -0.0998639441 -0.2714988722  0.8929712087  0.0375864036  0.5000000000  0.7828480139  0.9088885870
 0.2479185642  0.3245524326  0.5903632167 -0.2282964048 -0.1744336405  0.8033850182 -0.3027082652 -1.3947063002  0.0735592995  0.5000000000
 0.7168145897  0.3794488946 -0.4185875483  0.6886086034  0.0354526340  0.6462079731  0.5816515974 -0.0235760458  0.1698485988 -0.0918686465
 1.4468842684  0.1288626753  0.0112426847 -0.2958759001 -0.0260687280  0.4447094985 -0.4848908077  0.0719580565  1.0004101913 -0.0778254234
 3.7007585628  0.0798254900 -0.0564490711  0.0030350274  0.0000000000  0.0581407941 -0.0235249001  0.0000000000  0.0952448889  0.0000000000
11.4780003399  0.0249162432 -0.0125124214 -0.0139297310  0.0000000000  0.0245109182 -0.0164972546  0.0000000000  0.0137831516  0.0000000000

C  aug-SZV-MOLOPT-GTH
            1
    2 0 2 6 2 2 1
 0.1282122547 -0.1339908628 -1.7783081155 -0.2885276736 -0.8791702498  0.5028907630
 0.1700000000  0.0000000000 27.1360349211  0.0000000000  0.5505310236  0.0758175863
 0.3481570864 -0.6109264216 -1.2970082950 -0.4153371392  0.1003457720  0.0044024452
 0.7699114548 -0.3213968794  0.0024513719 -0.4131417301 -0.0587830945  0.0409845119
 2.1130163905  0.1531421941  0.0000000000 -0.2004702557  0.0000000000  0.0000000000
 5.6053307517  0.1115328819  0.0000000000 -0.0648689785  0.0000000000  0.0000000000

 C  aug-DZVP-MOLOPT-GTH
             1
 2 0 3 7 3 3 2 1
 0.0302867530  0.0089664773  0.0833821920 -2.4873348202  0.0049980597  0.2481721755  3.4673173454 -0.0051424309 -1.3928498568 -2.3623841455
 0.0751447255  0.0061744640 -0.7420860516  2.2793547512  0.0562565577  0.7339025317 -0.1732196064  0.3463741241  0.2131457020  0.0354048932
 0.1786174143  0.3719113738  0.1848807121 -8.7235757227  0.2715418420  0.7212474758  0.6975361114  0.3891482350  0.5016287208  4.3815482531
 0.4783163309  0.8304470353  0.8230513368  0.8275576181  0.3559291510  0.3945940457 -0.2708760221  0.7107308570  0.0982228786  0.4343255712
 1.0454569572  0.0644649814 -0.4214183792  0.0000000000  0.2159081373 -0.5280567570 -0.0216756049  0.6193305612  0.0000000000 -0.6214628815
 2.6251960648 -0.1748666211  0.1474408560  0.0000000000  0.1141979309 -0.0767439515  0.0000000000  0.0710475748  0.0000000000  0.0165196531
 6.1326247679 -0.1055765637  0.0248505876  0.0000000000  0.0350981084 -0.0567129990  0.0000000000  0.0374694258  0.0000000000  0.0000000000

 C  aug-TZVP-MOLOPT-GTH
                   1
 2 0 4 8 4 4 3 2 1
 0.0302867530  0.0089664773  0.0833821920 -0.0793393739 -0.0701333074  0.0049980597  0.2481721755 -0.1370643800 -0.1667556414 -0.0051424309  0.0360225649  0.5080752086 -0.0949556839  1.8093661431  2.1152770840
 0.0500000000  0.0000000000  0.0000000000  0.0000000000  0.0575020888  0.0000000000  0.0000000000  0.0000000000  0.0115318100  0.0000000000  0.0000000000 -0.1017669121  0.0000000000 -0.5242034352  1.7500512105
 0.0751447255  0.0061744640 -0.7420860516  0.3654242929  0.1650312408  0.0562565577  0.7339025317  0.2186975960  0.4734279107  0.3463741241 -0.4800259496  1.1180340000 -0.0928027739  0.2841269429 -0.0230765379
 0.1786174143  0.3719113738  0.1848807121 -0.6111981859 -0.7849262768  0.2715418420  0.7212474758 -0.4875997132 -0.4416038485  0.3891482350  0.6572139533  0.3969571020  0.6330141063  0.7868680523 -0.1156893465
 0.4783163309  0.8304470353  0.8230513368  0.4509608541  0.7800747445  0.3559291510  0.3945940457  0.6297799326  0.0855974706  0.7107308570 -0.7764064363  0.8733009205 -0.0249923268  0.6788478587  0.1000000000
 1.0454569572  0.0644649814 -0.4214183792 -0.0567372207  0.0000000000  0.2159081373 -0.5280567570 -0.1263247025  0.0000000000  0.6193305612  0.5472094911  0.0000000000  0.7168546753 -0.3351011580 -0.2351416157
 2.6251960648 -0.1748666211  0.1474408560 -0.0540038517  0.0000000000  0.1141979309 -0.0767439515 -0.0311639094  0.0000000000  0.0710475748  0.0269828792  0.0000000000  0.0260258730  0.0000000000  0.0000000000
 6.1326247679 -0.1055765637  0.0248505876 -0.0473884141  0.0000000000  0.0350981084 -0.0567129990 -0.0067420340  0.0000000000  0.0374694258  0.0291692091  0.0000000000  0.0223046795  0.0000000000  0.0000000000

N  aug-SZV-MOLOPT-SR-GTH
             1
 2 0 2 6 2 2 1
 0.1120121090 -0.1395623835  8.6079248782 -0.1179360081 -0.1249502919  0.5630562496
 0.1500000000  0.0000000000 -3.4531375346  0.0000000000  0.1736176618 -0.6440794142
 0.3338022004 -0.5841422339 -0.7913789326 -0.3120396752  0.0072524612 15.6556133350
 0.8885749672 -0.4450774226  0.0000000000 -0.3173651656 -0.0076486532 -2.7376881949
 2.5426371110  0.0972945165  0.0000000000 -0.1657525162  0.0000000000  0.0000000000
 7.3419880518  0.1137891565  0.0000000000 -0.0537443304  0.0000000000  0.0000000000

 N  aug-DZVP-MOLOPT-GTH
             1
 2 0 3 7 3 3 2 1
 0.0391938349  0.0103939762  0.0534523798  2.7092629073 -0.0001817949  0.0397207743  1.3961118495 -0.0191504557 12.7259540617 -1.4562448774
 0.0845828887  0.0311967386  0.4935567902  8.2249036599  0.0546739289  0.5939513686 -0.2441935122 -0.0494528638  0.2462504899 -0.0153470098
 0.2228510919  0.3464569810  0.6067915745  1.7534582047  0.2497273653  0.7014557291  0.0925492426  0.1889357542  2.5471718528 -0.0109635508
 0.5866307381  0.5585834877 -0.5477648847 -0.2606963943  0.3761054815 -0.1924053675  3.3995399723  0.8883740551 -2.7190377000  2.4727504338
 1.5128803201  0.0948448578 -0.0360134328  4.6421876385  0.2381233303 -0.0942280320 -0.4308751745  0.3240514725  0.0000000000  0.2988466953
 3.8822249407 -0.1218767303  0.1017417518  0.0000000000  0.1091263551 -0.0311770590  0.0000000000  0.0379324097  0.0000000000  0.0341776659
 9.0427303973 -0.0577111577  0.0556186656  0.0000000000  0.0314695269 -0.0126431720  0.0000000000  0.0178527189  0.0000000000  0.0000000000

N  aug-TZVP-MOLOPT-GTH
               1
2 0 4 7 4 4 3 2 1
 0.0391938340  0.0103939760  0.0534523790  0.1852385190  0.0032379223 -0.0001817940  0.0397207740  0.4554557630  0.7942046109 -0.0191504550  0.1923227480 -0.5462940330  0.0131207210 -0.1151150242 -0.0377082872
 0.0845828880  0.0311967380  0.4935567900 -0.7077661060  0.1196353511  0.0546739280  0.5939513680 -0.7428174890 -1.1386712623 -0.0494528630 -0.7542361780  0.1798205204 -0.1853304690  0.4142623852  0.0386257466
 0.2228510910  0.3464569810  0.6067915740  0.3072946820  0.0386239402  0.2497273650  0.7014557290  0.1453726600  0.5496833718  0.1889357540  0.6419148270  0.5514697871 -0.0677502300  0.0285775990  0.0525835884
 0.5866307380  0.5585834870 -0.5477648840  0.3661118630 -0.0461244612  0.3761054810 -0.1924053670  0.5435537000  0.7735199895  0.8883740550  0.2026160670  1.1987148414  0.8622050930  0.4902674875  0.1804344938
 1.5128803200  0.0948448570 -0.0360134320 -0.2159751650  0.0000000000  0.2381233300 -0.0942280320 -0.3059203030  0.0000000000  0.3240514720 -0.4061102280  0.0000000000  0.5699520790 -0.9020170717  0.8082721691
 3.8822249400 -0.1218767300  0.1017417510  0.1379294750  0.0000000000  0.1091263550 -0.0311770590  0.0392383040  0.0000000000  0.0379324090  0.0189008290  0.0000000000 -0.0275016960  0.0000000000  0.0762998211
 9.0427303970 -0.0577111570  0.0556186650  0.0327628830  0.0000000000  0.0314695260 -0.0126431720 -0.0283897870  0.0000000000  0.0178527180 -0.0268148700  0.0000000000  0.0209756890  0.0000000000  0.0000000000

 O  aug-SZV-MOLOPT-SR-GTH
             1
 2 0 2 6 2 2 1
 0.1624916150 -0.2423515378 -0.5934774182 -0.2573889830  3.0910990480 -0.7409463733
 0.2000000000  0.0000000000  0.7002359960  0.0000000000  4.1989247625  0.3751439815
 0.4969550437 -0.8527917909  0.1438999939 -0.4542660860  3.1576157740 -0.2625626662
 1.3884011887 -0.4343482317  0.0313713489 -0.3777269828  3.5403322795  0.0222608188
 3.8496210720  0.1399337043  0.0000000000 -0.1900875117  0.0000000000  0.0000000000
10.3892280183  0.1262407229  0.0000000000 -0.0613020372  0.0000000000  0.0000000000

 O  aug-DZVP-MOLOPT-GTH
             1
 2 0 3 7 3 3 2 1
 0.0467609183 -0.0002559458  0.0038258496  0.0335786214  0.0097261106  0.0324989794 -0.0199617103 -0.0057717366  0.0232662614  0.0458873427
 0.1429773309  0.0927158336  0.3872014586  0.8215226852  0.1730398693  0.7174659197 -0.3609199730  0.3183468344  0.3075339470  0.0005997526
 0.3523162465  0.4503537826  0.1867600067  2.0582997838  0.2947086452  0.4848483764 -0.2462067404  0.3076561142  0.5002719744 -0.0430123941
 0.8323815756  0.4629644850 -0.5726706662 -0.4466820640  0.3526399103 -0.4736748584 -0.0389264760  1.0633441895  1.5135238627  0.0999834231
 2.0483980399  0.1181758894 -0.0537324064  0.0000000000  0.2510936703 -0.2137194646  0.0000000000  0.2905764992  0.0880356339 -0.1828226061
 5.1081502874 -0.1295979233  0.1108859022  0.0000000000  0.1209276487 -0.1206197709  0.0000000000  0.0681861593  0.0267815521  0.0000000000
12.0159547055 -0.0601908412  0.0657386179  0.0000000000  0.0365436388 -0.0342105574  0.0000000000  0.0148070544  0.0000000000  0.0000000000

O  aug-TZVP-MOLOPT-GTH
                   1
 2 0 4 8 4 4 3 2 1
 0.0467609183 -0.0002559458  0.0038258496  0.1756431429  0.2766066759  0.0097261106  0.0324989794  0.0733292595 -0.1217311777 -0.0057717366 -0.4057885159  0.2848970154  0.0350625544 -0.0300930759 -0.1381689061
 0.0820000000  0.0000000000  0.0000000000  0.0000000000 -0.0166009362  0.0000000000  0.0000000000  0.0000000000 -0.0071470870  0.0000000000  0.0000000000  0.2287019977  0.0000000000 -0.0068268412 -0.0377501493
 0.1429773309  0.0927158336  0.3872014586 -0.5213783407  0.1568540279  0.1730398693  0.7174659197 -0.4361840437 -0.1684357721  0.3183468344 -0.3331285306 -0.3433607246  0.3863294386  0.0406074732  0.0028559889
 0.3523162465  0.4503537826  0.1867600067  0.7227927983 -0.4381210272  0.2947086452  0.4848483764  0.5305047647  0.2197696474  0.3076561142  0.9114075100 -1.1507447380 -0.0758453764 -0.0347898606  0.0075076021
 0.8323815756  0.4629644850 -0.5726706662 -0.4350783128  0.0669003102  0.3526399103 -0.4736748584 -0.0218726395  0.7808205425  1.0633441895  0.0680015787 -1.6651510135  0.8195711721  0.0259481310  0.1120252735
 2.0483980399  0.1181758894 -0.0537324064 -0.0676398017  0.0000000000  0.2510936703 -0.2137194646  0.0012865098  0.0000000000  0.2905764992 -0.1866963326  0.0815249986  0.3784598977  0.3091965520  0.2604281877
 5.1081502874 -0.1295979233  0.1108859022  0.0806448023  0.0000000000  0.1209276487 -0.1206197709  0.0098523494  0.0000000000  0.0681861593  0.0168502104  0.0000000000 -0.0077084637  0.0000000000  0.0000000000
12.0159547055 -0.0601908412  0.0657386179  0.0410067654  0.0000000000  0.0365436388 -0.0342105574 -0.0005926402  0.0000000000  0.0148070544 -0.0138434105  0.0000000000  0.0026574862  0.0000000000  0.0000000000
