 H  aug-SZV-MOLOPT-GTH
        1
   2 0 1 6 3 1
 0.0821931844 -0.1316128615  0.4071355144  0.2139998661  2.2917775933
 0.1200000000  0.0000000000 -1.1396403982 -0.2363837584 -1.8794183880
 0.2391161505 -0.4531821866 -0.9969753315  0.0035165428  0.4005718804
 0.7915015391 -0.4438188612 -0.0208218805 -0.0066795283 -0.0107192155
 2.6802228681 -0.1222022121  0.0000000000  0.0000000000  0.0000000000
10.0684682285 -0.0339174449  0.0000000000  0.0000000000  0.0000000000

 H  aug-DZVP-MOLOPT-GTH
       1
  2 0 1 6 3 2
 0.0400000000  0.0000000000  0.0000000000 -0.6814257167  0.0000000000  1.9664233722
 0.0821931844 -0.1316128615  0.5227087380  0.6595339523  0.8690318540 -2.7599647638
 0.2391161505 -0.4531821866  0.0494796212 -0.1998406218  0.5479196782 -0.7722291742
 0.7915015391 -0.4438188612 -1.1557071155 -0.0288817150  0.4771832409 -0.0431407499
 2.6802228681 -0.1222022121  0.8433183289  0.0000000000  0.1224495665  0.0000000000
10.0684682285 -0.0339174449  0.0591937755  0.0000000000  0.0099051344  0.0000000000

 H  aug-TZVP-MOLOPT-GTH
                   1
 2 0 2 7 4 3 2
 0.0217082436 -0.0011251955 -0.0596931713  0.0354351506  0.5000000000  0.1201013165  0.1778769886  1.0169955069 -0.3483071601  0.3915907613
 0.0669180040  0.0371481214  0.4387031330 -0.0998639441 -0.2714988722  0.8929712087  0.0375864036  0.5000000000  0.7828480139  0.9088885870
 0.2479185642  0.3245524326  0.5903632167 -0.2282964048 -0.1744336405  0.8033850182 -0.3027082652 -1.3947063002  0.0735592995  0.5000000000
 0.7168145897  0.3794488946 -0.4185875483  0.6886086034  0.0354526340  0.6462079731  0.5816515974 -0.0235760458  0.1698485988 -0.0918686465
 1.4468842684  0.1288626753  0.0112426847 -0.2958759001 -0.0260687280  0.4447094985 -0.4848908077  0.0719580565  1.0004101913 -0.0778254234
 3.7007585628  0.0798254900 -0.0564490711  0.0030350274  0.0000000000  0.0581407941 -0.0235249001  0.0000000000  0.0952448889  0.0000000000
11.4780003399  0.0249162432 -0.0125124214 -0.0139297310  0.0000000000  0.0245109182 -0.0164972546  0.0000000000  0.0137831516  0.0000000000

# average deviation of 5 lowest BSE exc. energies of  He8, He4, He6, He10 for aug-SZV-MOLOPT-GTH compared to basis set limit: 0.21 eV
He  aug-SZV-MOLOPT-GTH
1
2 0 1 6 2 1
 0.110000  0.000000  0.321338  0.316760
 0.222223 -0.270872 -0.048091 -0.035511
 0.350000  0.000000 -0.008950  0.004466
 0.777509 -0.356166  0.007585 -0.000126
 2.784478 -0.186998  0.000000  0.000000
11.042785 -0.057709  0.000000  0.000000

# average deviation of 5 lowest BSE exc. energies of  He8, He4, He6, He10 for aug-DZVP-MOLOPT-GTH compared to basis set limit: 0.08 eV
He  aug-DZVP-MOLOPT-GTH
1
2 0 2 7 3 2 1
 0.080000  0.000000  0.000000  0.931373  0.000000  0.125748 -0.525682
 0.146056 -0.420421 -0.868042  0.662479 -0.086449 -0.046793  2.119328
 0.220000  0.000000  0.000000 -0.180567  0.000000 -0.000540  2.208866
 0.426205 -0.683483  0.112324  0.067856  0.813710  0.000224  0.071690
 1.278849 -0.538048  0.426992  0.089380  0.563751  0.000564  0.016556
 4.032733 -0.245487  0.210001  0.000000 -0.030295  0.000000  0.000000
13.015004 -0.079608  0.086391  0.000000  0.108028  0.000000  0.000000

# average deviation of 5 lowest BSE exc. energies of  He8, He4, He6, He10 for aug-TZVP-MOLOPT-GTH compared to basis set limit: 0.09 eV
He  aug-TZVP-MOLOPT-GTH
1
2 0 3 7 4 3 2 1
 0.080000  0.000000  0.000000  0.000000  0.806700  0.000000  0.000000  0.125912  0.000000 -0.176237  1.192340
 0.146056 -0.420421 -0.868042  0.199120  0.726501 -0.086449  0.397964 -0.046072 -0.101411  1.240817 -0.561287
 0.220000  0.000000  0.000000  0.000000 -0.572428  0.000000  0.000000  0.000272  0.000000  0.110988  0.136562
 0.426205 -0.683483  0.112324 -0.580653 -0.085738  0.813710  0.043480  0.000343  0.970687 -1.009884  0.105697
 1.278849 -0.538048  0.426992  0.676389 -0.001894  0.563751 -0.172888  0.000035  0.105760  0.159640  0.099931
 4.032733 -0.245487  0.210001 -0.077240  0.000000 -0.030295  0.022940  0.000000  0.018342  0.000000  0.000000
13.015004 -0.079608  0.086391 -0.399657  0.000000  0.108028  0.899621  0.000000  0.189634  0.000000  0.000000

# average deviation of 5 lowest BSE exc. energies of  Li4O4H4, Li4H4, Li2O, Li8 for aug-SZV-MOLOPT-GTH compared to basis set limit: 0.29 eV
Li  aug-SZV-MOLOPT-GTH
1
2 0 1 6 3 1
 0.032613  0.112524 -0.297594 -0.205691  0.828865
 0.050000  0.000000  0.000000 -0.108215  0.521527
 0.084367  0.210641 -0.467205 -0.614750  3.405246
 0.612031  0.305913  0.178230  0.297850  1.293759
 1.999997  0.418210  0.163121 -0.054111  0.089152
 7.133128  0.277444  0.081565  0.000000  0.000000

# average deviation of 5 lowest BSE exc. energies of  Li4O4H4, Li4H4, Li2O, Li8 for aug-DZVP-MOLOPT-GTH compared to basis set limit: 0.14 eV
Li  aug-DZVP-MOLOPT-GTH
1
2 0 2 7 4 2 1
 0.038184  0.165406 -0.482718  0.858883  0.926998 -0.336964  0.334280 -0.978477
 0.060000  0.000000  0.000000  0.000000 -1.379013  0.000000 -0.108635  0.050778
 0.104647  0.324274 -0.783137 -0.509321 -0.771524 -0.878694  0.016570  0.157045
 0.200000  0.000000  0.000000  0.000000  0.405351  0.000000  0.014261  0.162263
 0.610549  0.461086  0.302539  0.038478  0.422406 -0.335246  0.004833  0.046918
 1.983451  0.669094  0.236261  0.026432 -0.000964 -0.009064  0.000723 -0.049839
 7.130027  0.455192  0.079567 -0.027091  0.000000 -0.043356  0.000000  0.000000

# average deviation of 5 lowest BSE exc. energies of  Li4O4H4, Li4H4, Li2O, Li8 for aug-TZVP-MOLOPT-GTH compared to basis set limit: 0.10 eV
Li  aug-TZVP-MOLOPT-GTH
1
2 0 3 7 5 3 2 1
 0.038184  0.165406 -0.482718  0.858883  0.044100 -2.170364 -0.336964 -0.274582  0.167719  0.196350  0.504713  0.099799
 0.060000  0.000000  0.000000  0.000000  0.000000  0.023048  0.000000  0.000000 -0.019174  0.000000 -0.440969  0.099986
 0.104647  0.324274 -0.783137 -0.509321  0.130506  0.100000 -0.878694  0.435259 -0.018344  0.975591  0.189199 -0.631649
 0.200000  0.000000  0.000000  0.000000  0.000000  4.605296  0.000000  0.000000  0.027180  0.000000  0.000159  0.163313
 0.610549  0.461086  0.302539  0.038478  0.832961  0.345066 -0.335246 -0.850150  0.011000  0.098324  0.001560  0.077728
 1.983451  0.669094  0.236261  0.026432 -0.441763 -1.337195 -0.009064 -0.028184  0.002439 -0.001078  0.001128 -0.003073
 7.130027  0.455192  0.079567 -0.027091 -0.303388  0.000000 -0.043356 -0.107727  0.000000 -0.000111  0.000000  0.000000

# average deviation of 5 lowest BSE exc. energies of  Be2H4, BeC2H6, BeF2O2H4, Be2F4, Be4 for aug-SZV-MOLOPT-GTH compared to basis set limit: 0.25 eV
Be  aug-SZV-MOLOPT-GTH
1
2 0 1 7 3 1
 0.074144 -0.173252 -0.905623  0.145875  0.311667
 0.120000  0.000000  0.000000 -0.071104  0.032208
 0.225007 -0.115295 -0.652182  0.006619  0.185160
 0.732914 -0.091068  0.213558 -0.000355  0.078106
 2.222208 -0.279935  0.429699  0.000000  0.000000
 6.934612 -0.211896  0.237671  0.000000  0.000000
14.927410 -0.101692  0.108892  0.000000  0.000000

# average deviation of 5 lowest BSE exc. energies of  Be2H4, BeC2H6, BeF2O2H4, Be2F4, Be4 for aug-DZVP-MOLOPT-GTH compared to basis set limit: 0.09 eV
Be  aug-DZVP-MOLOPT-GTH
1
2 0 2 7 4 2 1
 0.074144 -0.173252 -0.905623 -1.507945 -1.184970 -1.344316  0.132781  0.658506
 0.120000  0.000000  0.000000  0.000000  1.205886  0.000000 -0.013072  2.097473
 0.225007 -0.115295 -0.652182  2.012025 -0.102681 -2.124632  0.015059  0.147287
 0.732914 -0.091068  0.213558 -0.100183  0.055182 -1.091509 -0.003226  0.084474
 2.222208 -0.279935  0.429699 -0.515821  0.000000 -0.217924  0.000000  0.000000
 6.934612 -0.211896  0.237671 -0.065062  0.000000 -0.047765  0.000000  0.000000
14.927410 -0.101692  0.108892 -0.013829  0.000000 -0.043323  0.000000  0.000000

# average deviation of 5 lowest BSE exc. energies of  Be2H4, BeC2H6, BeF2O2H4, Be2F4, Be4 for aug-TZVP-MOLOPT-GTH compared to basis set limit: 0.13 eV
Be  aug-TZVP-MOLOPT-GTH
1
2 0 3 7 5 3 2 1
 0.064375 -0.282082 -0.572180 -0.198885 -0.743920 -0.534823 -0.384367  0.375937  1.688073  0.127134 -0.003732  0.155792
 0.110000  0.000000  0.000000  0.000000  0.000000  2.207332  0.000000  0.000000 -0.311287  0.000000 10.881249  2.150387
 0.214923 -0.296963 -0.704427  0.165925  0.608786  0.384265 -0.828987  0.255106  0.892028  0.781487  6.320449  0.938064
 0.657533 -0.203814  0.132667 -0.859104  0.200950 -0.150572 -0.393264 -0.885959 -0.198460  0.610034 -0.397354  0.101041
 2.108077 -0.669377  0.354976  0.411338 -0.133889  0.000000 -0.096888 -0.066286  0.000000  0.018444  0.000000  0.000000
 6.807405 -0.532941  0.167004 -0.150968  0.122900  0.000000 -0.026808 -0.059457  0.000000  0.025160  0.000000  0.000000
15.020906 -0.242098  0.069952 -0.053522  0.050503  0.000000  0.016724 -0.027199  0.000000  0.000323  0.000000  0.000000

# average deviation of 5 lowest BSE exc. energies of  B3N3H6, BH3CO, B2H6, B2O3, BH3NH3, B4H4 for aug-SZV-MOLOPT-GTH compared to basis set limit: 0.20 eV
B   aug-SZV-MOLOPT-GTH
1
2 0 2 5 2 2 1
 0.101655 -0.417625  0.136614 -0.369557  1.726445  0.052689
 0.150000  0.000000  0.016589  0.000000  0.478355  0.208048
 0.329920 -0.657626 -0.000650 -0.645201 -0.078499 -1.116486
 0.915484  0.070304 -0.002153 -0.383518 -0.069713  0.263475
 3.053444  0.142390  0.000000 -0.124774  0.000000  0.000000

# average deviation of 5 lowest BSE exc. energies of  B3N3H6, BH3CO, B2H6, B2O3, BH3NH3, B4H4 for aug-DZVP-MOLOPT-GTH compared to basis set limit: 0.10 eV
B   aug-DZVP-MOLOPT-GTH
1
2 0 3 6 3 3 2 1
 0.085137  0.393133  0.880382  2.873419 -0.606012 -0.773021  3.611065  0.135625  1.335828  4.856035
 0.130000  0.000000  0.000000 -3.949826  0.000000  0.000000 -2.605347  0.000000 -0.266594 -0.044529
 0.253523  0.742131 -0.144347 -0.759155 -0.659200  0.357274  0.265349  0.901060  0.287401  0.380184
 0.614553  0.435339 -0.367292  0.006097 -0.399702  0.455860 -0.027021  0.280738  0.099122  0.084296
 1.347699 -0.276829  0.156829  0.099979 -0.176539  0.235069  0.050152  0.301188  0.094878  0.004132
 3.575233 -0.168921  0.211171  0.000000 -0.085304  0.108294  0.000000 -0.012996  0.000000  0.000000

# average deviation of 5 lowest BSE exc. energies of  B3N3H6, BH3CO, B2H6, B2O3, BH3NH3, B4H4 for aug-TZVP-MOLOPT-GTH compared to basis set limit: 0.04 eV
B   aug-TZVP-MOLOPT-GTH
1
2 0 4 6 4 4 3 2 1
 0.085137  0.393133  0.880382  0.263386 -0.900000 -0.606012 -0.773021  0.186928  0.022216  0.135625  0.990755  0.689428 -0.002729  0.179197  0.696748
 0.130000  0.000000  0.000000  0.000000 -0.223771  0.000000  0.000000  0.000000 43.008937  0.000000  0.000000  2.313494  0.000000 -0.036639  0.262960
 0.253523  0.742131 -0.144347 -0.602927 -0.488254 -0.659200  0.357274 -0.661280  0.278736  0.901060 -0.124174  1.033502  0.999959  0.000707  0.100000
 0.614553  0.435339 -0.367292  0.621759  0.100000 -0.399702  0.455860  0.628353  0.100000  0.280738 -0.035952  0.100000  0.008639  0.001000  0.100000
 1.347699 -0.276829  0.156829 -0.005285  0.100000 -0.176539  0.235069  0.326035  0.100000  0.301188 -0.040988  0.100000  0.000801  0.001000  0.100000
 3.575233 -0.168921  0.211171 -0.424847  0.000000 -0.085304  0.108294  0.163219  0.000000 -0.012996  0.003443  0.000000 -0.000152  0.000000  0.000000

# average deviation of 5 lowest BSE exc. energies of  B3N3H6, BH3CO, B2H6, B2O3, BH3NH3, B4H4 for aug-SZV-MOLOPT-GTH compared to basis set limit: 0.15 eV
B   aug-SZV-MOLOPT-GTH-LR
1
2 0 2 5 2 2 1
 0.070000  0.000000  0.140504  0.000000  0.260417  0.090485
 0.101655 -0.417625 -0.000088 -0.369557 -0.033784  0.099834
 0.329920 -0.657626  0.000133 -0.645201  0.007242 20.010158
 0.915484  0.070304  0.000034 -0.383518  0.004820 -0.107783
 3.053444  0.142390  0.000000 -0.124774  0.000000  0.000000

C  aug-SZV-MOLOPT-GTH
            1
    2 0 2 6 2 2 1
 0.1282122547 -0.1339908628 -1.7783081155 -0.2885276736 -0.8791702498  0.5028907630
 0.1700000000  0.0000000000 27.1360349211  0.0000000000  0.5505310236  0.0758175863
 0.3481570864 -0.6109264216 -1.2970082950 -0.4153371392  0.1003457720  0.0044024452
 0.7699114548 -0.3213968794  0.0024513719 -0.4131417301 -0.0587830945  0.0409845119
 2.1130163905  0.1531421941  0.0000000000 -0.2004702557  0.0000000000  0.0000000000
 5.6053307517  0.1115328819  0.0000000000 -0.0648689785  0.0000000000  0.0000000000

 C  aug-DZVP-MOLOPT-GTH
             1
 2 0 3 7 3 3 2 1
 0.0302867530  0.0089664773  0.0833821920 -2.4873348202  0.0049980597  0.2481721755  3.4673173454 -0.0051424309 -1.3928498568 -2.3623841455
 0.0751447255  0.0061744640 -0.7420860516  2.2793547512  0.0562565577  0.7339025317 -0.1732196064  0.3463741241  0.2131457020  0.0354048932
 0.1786174143  0.3719113738  0.1848807121 -8.7235757227  0.2715418420  0.7212474758  0.6975361114  0.3891482350  0.5016287208  4.3815482531
 0.4783163309  0.8304470353  0.8230513368  0.8275576181  0.3559291510  0.3945940457 -0.2708760221  0.7107308570  0.0982228786  0.4343255712
 1.0454569572  0.0644649814 -0.4214183792  0.0000000000  0.2159081373 -0.5280567570 -0.0216756049  0.6193305612  0.0000000000 -0.6214628815
 2.6251960648 -0.1748666211  0.1474408560  0.0000000000  0.1141979309 -0.0767439515  0.0000000000  0.0710475748  0.0000000000  0.0165196531
 6.1326247679 -0.1055765637  0.0248505876  0.0000000000  0.0350981084 -0.0567129990  0.0000000000  0.0374694258  0.0000000000  0.0000000000

 C  aug-TZVP-MOLOPT-GTH
                   1
 2 0 4 8 4 4 3 2 1
 0.0302867530  0.0089664773  0.0833821920 -0.0793393739 -0.0701333074  0.0049980597  0.2481721755 -0.1370643800 -0.1667556414 -0.0051424309  0.0360225649  0.5080752086 -0.0949556839  1.8093661431  2.1152770840
 0.0500000000  0.0000000000  0.0000000000  0.0000000000  0.0575020888  0.0000000000  0.0000000000  0.0000000000  0.0115318100  0.0000000000  0.0000000000 -0.1017669121  0.0000000000 -0.5242034352  1.7500512105
 0.0751447255  0.0061744640 -0.7420860516  0.3654242929  0.1650312408  0.0562565577  0.7339025317  0.2186975960  0.4734279107  0.3463741241 -0.4800259496  1.1180340000 -0.0928027739  0.2841269429 -0.0230765379
 0.1786174143  0.3719113738  0.1848807121 -0.6111981859 -0.7849262768  0.2715418420  0.7212474758 -0.4875997132 -0.4416038485  0.3891482350  0.6572139533  0.3969571020  0.6330141063  0.7868680523 -0.1156893465
 0.4783163309  0.8304470353  0.8230513368  0.4509608541  0.7800747445  0.3559291510  0.3945940457  0.6297799326  0.0855974706  0.7107308570 -0.7764064363  0.8733009205 -0.0249923268  0.6788478587  0.1000000000
 1.0454569572  0.0644649814 -0.4214183792 -0.0567372207  0.0000000000  0.2159081373 -0.5280567570 -0.1263247025  0.0000000000  0.6193305612  0.5472094911  0.0000000000  0.7168546753 -0.3351011580 -0.2351416157
 2.6251960648 -0.1748666211  0.1474408560 -0.0540038517  0.0000000000  0.1141979309 -0.0767439515 -0.0311639094  0.0000000000  0.0710475748  0.0269828792  0.0000000000  0.0260258730  0.0000000000  0.0000000000
 6.1326247679 -0.1055765637  0.0248505876 -0.0473884141  0.0000000000  0.0350981084 -0.0567129990 -0.0067420340  0.0000000000  0.0374694258  0.0291692091  0.0000000000  0.0223046795  0.0000000000  0.0000000000

N  aug-SZV-MOLOPT-SR-GTH
             1
 2 0 2 6 2 2 1
 0.1120121090 -0.1395623835  8.6079248782 -0.1179360081 -0.1249502919  0.5630562496
 0.1500000000  0.0000000000 -3.4531375346  0.0000000000  0.1736176618 -0.6440794142
 0.3338022004 -0.5841422339 -0.7913789326 -0.3120396752  0.0072524612 15.6556133350
 0.8885749672 -0.4450774226  0.0000000000 -0.3173651656 -0.0076486532 -2.7376881949
 2.5426371110  0.0972945165  0.0000000000 -0.1657525162  0.0000000000  0.0000000000
 7.3419880518  0.1137891565  0.0000000000 -0.0537443304  0.0000000000  0.0000000000

 N  aug-DZVP-MOLOPT-GTH
             1
 2 0 3 7 3 3 2 1
 0.0391938349  0.0103939762  0.0534523798  2.7092629073 -0.0001817949  0.0397207743  1.3961118495 -0.0191504557 12.7259540617 -1.4562448774
 0.0845828887  0.0311967386  0.4935567902  8.2249036599  0.0546739289  0.5939513686 -0.2441935122 -0.0494528638  0.2462504899 -0.0153470098
 0.2228510919  0.3464569810  0.6067915745  1.7534582047  0.2497273653  0.7014557291  0.0925492426  0.1889357542  2.5471718528 -0.0109635508
 0.5866307381  0.5585834877 -0.5477648847 -0.2606963943  0.3761054815 -0.1924053675  3.3995399723  0.8883740551 -2.7190377000  2.4727504338
 1.5128803201  0.0948448578 -0.0360134328  4.6421876385  0.2381233303 -0.0942280320 -0.4308751745  0.3240514725  0.0000000000  0.2988466953
 3.8822249407 -0.1218767303  0.1017417518  0.0000000000  0.1091263551 -0.0311770590  0.0000000000  0.0379324097  0.0000000000  0.0341776659
 9.0427303973 -0.0577111577  0.0556186656  0.0000000000  0.0314695269 -0.0126431720  0.0000000000  0.0178527189  0.0000000000  0.0000000000

N  aug-TZVP-MOLOPT-GTH
               1
2 0 4 7 4 4 3 2 1
 0.0391938340  0.0103939760  0.0534523790  0.1852385190  0.0032379223 -0.0001817940  0.0397207740  0.4554557630  0.7942046109 -0.0191504550  0.1923227480 -0.5462940330  0.0131207210 -0.1151150242 -0.0377082872
 0.0845828880  0.0311967380  0.4935567900 -0.7077661060  0.1196353511  0.0546739280  0.5939513680 -0.7428174890 -1.1386712623 -0.0494528630 -0.7542361780  0.1798205204 -0.1853304690  0.4142623852  0.0386257466
 0.2228510910  0.3464569810  0.6067915740  0.3072946820  0.0386239402  0.2497273650  0.7014557290  0.1453726600  0.5496833718  0.1889357540  0.6419148270  0.5514697871 -0.0677502300  0.0285775990  0.0525835884
 0.5866307380  0.5585834870 -0.5477648840  0.3661118630 -0.0461244612  0.3761054810 -0.1924053670  0.5435537000  0.7735199895  0.8883740550  0.2026160670  1.1987148414  0.8622050930  0.4902674875  0.1804344938
 1.5128803200  0.0948448570 -0.0360134320 -0.2159751650  0.0000000000  0.2381233300 -0.0942280320 -0.3059203030  0.0000000000  0.3240514720 -0.4061102280  0.0000000000  0.5699520790 -0.9020170717  0.8082721691
 3.8822249400 -0.1218767300  0.1017417510  0.1379294750  0.0000000000  0.1091263550 -0.0311770590  0.0392383040  0.0000000000  0.0379324090  0.0189008290  0.0000000000 -0.0275016960  0.0000000000  0.0762998211
 9.0427303970 -0.0577111570  0.0556186650  0.0327628830  0.0000000000  0.0314695260 -0.0126431720 -0.0283897870  0.0000000000  0.0178527180 -0.0268148700  0.0000000000  0.0209756890  0.0000000000  0.0000000000

 O  aug-SZV-MOLOPT-SR-GTH
             1
 2 0 2 6 2 2 1
 0.1624916150 -0.2423515378 -0.5934774182 -0.2573889830  3.0910990480 -0.7409463733
 0.2000000000  0.0000000000  0.7002359960  0.0000000000  4.1989247625  0.3751439815
 0.4969550437 -0.8527917909  0.1438999939 -0.4542660860  3.1576157740 -0.2625626662
 1.3884011887 -0.4343482317  0.0313713489 -0.3777269828  3.5403322795  0.0222608188
 3.8496210720  0.1399337043  0.0000000000 -0.1900875117  0.0000000000  0.0000000000
10.3892280183  0.1262407229  0.0000000000 -0.0613020372  0.0000000000  0.0000000000

 O  aug-DZVP-MOLOPT-GTH
             1
 2 0 3 7 3 3 2 1
 0.0467609183 -0.0002559458  0.0038258496  0.0335786214  0.0097261106  0.0324989794 -0.0199617103 -0.0057717366  0.0232662614  0.0458873427
 0.1429773309  0.0927158336  0.3872014586  0.8215226852  0.1730398693  0.7174659197 -0.3609199730  0.3183468344  0.3075339470  0.0005997526
 0.3523162465  0.4503537826  0.1867600067  2.0582997838  0.2947086452  0.4848483764 -0.2462067404  0.3076561142  0.5002719744 -0.0430123941
 0.8323815756  0.4629644850 -0.5726706662 -0.4466820640  0.3526399103 -0.4736748584 -0.0389264760  1.0633441895  1.5135238627  0.0999834231
 2.0483980399  0.1181758894 -0.0537324064  0.0000000000  0.2510936703 -0.2137194646  0.0000000000  0.2905764992  0.0880356339 -0.1828226061
 5.1081502874 -0.1295979233  0.1108859022  0.0000000000  0.1209276487 -0.1206197709  0.0000000000  0.0681861593  0.0267815521  0.0000000000
12.0159547055 -0.0601908412  0.0657386179  0.0000000000  0.0365436388 -0.0342105574  0.0000000000  0.0148070544  0.0000000000  0.0000000000

O  aug-TZVP-MOLOPT-GTH
                   1
 2 0 4 8 4 4 3 2 1
 0.0467609183 -0.0002559458  0.0038258496  0.1756431429  0.2766066759  0.0097261106  0.0324989794  0.0733292595 -0.1217311777 -0.0057717366 -0.4057885159  0.2848970154  0.0350625544 -0.0300930759 -0.1381689061
 0.0820000000  0.0000000000  0.0000000000  0.0000000000 -0.0166009362  0.0000000000  0.0000000000  0.0000000000 -0.0071470870  0.0000000000  0.0000000000  0.2287019977  0.0000000000 -0.0068268412 -0.0377501493
 0.1429773309  0.0927158336  0.3872014586 -0.5213783407  0.1568540279  0.1730398693  0.7174659197 -0.4361840437 -0.1684357721  0.3183468344 -0.3331285306 -0.3433607246  0.3863294386  0.0406074732  0.0028559889
 0.3523162465  0.4503537826  0.1867600067  0.7227927983 -0.4381210272  0.2947086452  0.4848483764  0.5305047647  0.2197696474  0.3076561142  0.9114075100 -1.1507447380 -0.0758453764 -0.0347898606  0.0075076021
 0.8323815756  0.4629644850 -0.5726706662 -0.4350783128  0.0669003102  0.3526399103 -0.4736748584 -0.0218726395  0.7808205425  1.0633441895  0.0680015787 -1.6651510135  0.8195711721  0.0259481310  0.1120252735
 2.0483980399  0.1181758894 -0.0537324064 -0.0676398017  0.0000000000  0.2510936703 -0.2137194646  0.0012865098  0.0000000000  0.2905764992 -0.1866963326  0.0815249986  0.3784598977  0.3091965520  0.2604281877
 5.1081502874 -0.1295979233  0.1108859022  0.0806448023  0.0000000000  0.1209276487 -0.1206197709  0.0098523494  0.0000000000  0.0681861593  0.0168502104  0.0000000000 -0.0077084637  0.0000000000  0.0000000000
12.0159547055 -0.0601908412  0.0657386179  0.0410067654  0.0000000000  0.0365436388 -0.0342105574 -0.0005926402  0.0000000000  0.0148070544 -0.0138434105  0.0000000000  0.0026574862  0.0000000000  0.0000000000


# average deviation of 5 lowest BSE exc. energies of  CF4, NH4F, CH2F2, OF2, NF3 for aug-SZV-MOLOPT-GTH compared to basis set limit: 0.23 eV
F   aug-SZV-MOLOPT-GTH
1
2 0 2 6 2 2 1
 0.130000  0.000000 -1.552463  0.000000  0.522983  0.128297
 0.202027 -0.233361  2.549738 -0.325681 -0.240756 -0.004015
 0.631759 -0.781150  0.455373 -0.576093  0.038609  0.004320
 1.837941 -0.418625  0.055487 -0.481912 -0.006980  0.001430
 5.098269  0.138914  0.000000 -0.239982  0.000000  0.000000
13.701521  0.112227  0.000000 -0.076186  0.000000  0.000000

# average deviation of 5 lowest BSE exc. energies of  CF4, NH4F, CH2F2, OF2, NF3 for aug-SZV-MOLOPT-GTH compared to basis set limit: 0.11 eV
F   aug-SZV-MOLOPT-GTH-LR
1
2 0 2 7 2 2 1
 0.048130  0.002175  0.314987  0.008740  0.144559 -0.113411
 0.157659  0.078338  0.000100  0.138839  0.100000  0.100000
 0.396230  0.454888  0.000100  0.300623  0.100000  0.100000
 0.963986  0.553654  0.000100  0.357679  0.100000  0.100000
 2.411456  0.195144  0.000000  0.283252  0.000000  0.000000
 6.156801 -0.145493  0.000000  0.138592  0.000000  0.000000
15.025673 -0.076136  0.000000  0.043031  0.000000  0.000000

# average deviation of 5 lowest BSE exc. energies of  CF4, NH4F, CH2F2, OF2, NF3 for aug-DZVP-MOLOPT-GTH compared to basis set limit: 0.13 eV
F   aug-DZVP-MOLOPT-GTH
1
2 0 3 7 3 3 2 1
 0.048130  0.002175 -0.111759  2.106024  0.008740  0.051657  0.001600 -0.008600 -0.039938 -0.087558
 0.157659  0.078338  0.433345  1.154624  0.138839  0.410678  0.034310  0.106634  0.099888  0.101404
 0.396230  0.454888  0.143111  0.097990  0.300623  0.260540  0.097958  0.349205  0.101469  0.101215
 0.963986  0.553654 -0.448874  0.099830  0.357679 -0.460860  0.098358  0.782158  0.098829  0.102534
 2.411456  0.195144 -0.051537  0.000000  0.283252 -0.152090  0.000000  0.143657  0.000000  0.000000
 6.156801 -0.145493  0.078092  0.000000  0.138592 -0.119464  0.000000  0.057881  0.000000  0.000000
15.025673 -0.076136  0.060516  0.000000  0.043031 -0.027383  0.000000  0.006096  0.000000  0.000000

# average deviation of 5 lowest BSE exc. energies of  CF4, NH4F, CH2F2, OF2, NF3 for aug-TZVP-MOLOPT-GTH compared to basis set limit: 0.07 eV
F   aug-TZVP-MOLOPT-GTH
1
2 0 4 7 4 4 3 2 1
 0.048130  0.002175 -0.111759  0.275974  0.000455  0.008740  0.051657  0.225785  0.031155 -0.008600  0.389252  0.007948  0.001878  0.126136 -0.006939
 0.157659  0.078338  0.433345 -0.391142  0.072575  0.138839  0.410678 -0.637459  0.484948  0.106634 -0.412357 -0.008511  0.046645  1.421755  6.510465
 0.396230  0.454888  0.143111  0.070308  0.141621  0.300623  0.260540  0.815278 -0.050165  0.349205  0.628911  0.090019 -0.018429  0.178829 -1.054939
 0.963986  0.553654 -0.448874  0.244175 -0.073348  0.357679 -0.460860 -0.333332  2.673344  0.782158 -0.415810  0.117896  1.307322  0.100876  0.305419
 2.411456  0.195144 -0.051537 -0.299606  0.000000  0.283252 -0.152090 -0.074530  0.000000  0.143657 -0.092705  0.000000  0.354743  0.000000  0.000000
 6.156801 -0.145493  0.078092  0.256975  0.000000  0.138592 -0.119464 -0.061021  0.000000  0.057881 -0.017609  0.000000  0.039096  0.000000  0.000000
15.025673 -0.076136  0.060516  0.236250  0.000000  0.043031 -0.027383 -0.013131  0.000000  0.006096 -0.001964  0.000000 -0.008319  0.000000  0.000000

# average deviation of 5 lowest BSE exc. energies of  Ne6, Ne4, Ne5 for aug-SZV-MOLOPT-GTH compared to basis set limit: 0.04 eV
Ne  aug-SZV-MOLOPT-GTH
1
2 0 2 7 2 2 1
 0.165401 -0.056200  0.701725  0.129617  0.283627  0.256762
 0.240000  0.000000 -0.671406  0.000000 -0.147492  0.048412
 0.469438 -0.420816  0.131223  0.313976  0.045737  0.008069
 1.225783 -0.534791 -0.025232  0.369762 -0.017808  0.120335
 3.076395 -0.176241  0.000000  0.286600  0.000000  0.000000
 7.817582  0.136834  0.000000  0.141749  0.000000  0.000000
19.144669  0.069476  0.000000  0.044323  0.000000  0.000000

# average deviation of 5 lowest BSE exc. energies of  Ne6, Ne4, Ne5 for aug-DZVP-MOLOPT-GTH compared to basis set limit: 0.03 eV
Ne  aug-DZVP-MOLOPT-GTH
1
2 0 3 7 3 3 2 1
 0.110000  0.000000  0.000000  0.750965  0.000000  0.000000  0.470364  0.000000  0.156056  0.150760
 0.182262 -0.657028 -0.696280 -0.285052 -0.190038 -0.454468 -0.033074 -0.235045 -0.002591  0.001250
 0.260000  0.000000  0.000000  0.000196  0.000000  0.000000 -0.003315  0.000000  0.001969 -0.001087
 0.589070 -0.601688  0.403302  0.001502 -0.530932 -0.539488  0.004130  0.931591  0.000525  0.000757
 1.805379 -0.453015  0.492482  0.001100 -0.662003  0.046809  0.001120  0.275996  0.002013  0.000797
 5.413052  0.005446 -0.167461  0.000000 -0.462257  0.597450  0.000000  0.021035  0.000000  0.000000
16.326689 -0.032137 -0.286287  0.000000 -0.173400  0.378515  0.000000 -0.016613  0.000000  0.000000

# average deviation of 5 lowest BSE exc. energies of  Ne6, Ne4, Ne5 for aug-TZVP-MOLOPT-GTH compared to basis set limit: 0.01 eV
Ne  aug-TZVP-MOLOPT-GTH
1
2 0 4 7 4 4 3 2 1
 0.110000  0.000000  0.000000  0.000000  0.416225  0.000000  0.000000  0.000000  0.422629  0.000000  0.000000  0.976129  0.000000  0.104878  0.122153
 0.182262 -0.657028 -0.696280 -0.100197 -0.090879 -0.190038 -0.454468  0.843323  0.074797 -0.235045  0.449418  7.882168 -0.101816  0.025712 -0.059859
 0.260000  0.000000  0.000000  0.000000  0.000882  0.000000  0.000000  0.000000  0.068830  0.000000  0.000000  0.251357  0.000000  0.025112  0.000266
 0.589070 -0.601688  0.403302 -0.386047  0.000965 -0.530932 -0.539488 -0.259083  0.108765  0.931591  0.342536 -3.778252  0.976548  0.004244 -0.000336
 1.805379 -0.453015  0.492482  0.624394  0.000000 -0.662003  0.046809 -0.285632  0.000000  0.275996 -0.772721  0.000000  0.098444  0.000000  0.000000
 5.413052  0.005446 -0.167461  0.396825  0.000000 -0.462257  0.597450  0.258332  0.000000  0.021035 -0.185068  0.000000  0.020719  0.000000  0.000000
16.326689 -0.032137 -0.286287  0.541839  0.000000 -0.173400  0.378515  0.270851  0.000000 -0.016613 -0.222137  0.000000  0.160831  0.000000  0.000000

# average deviation of 5 lowest BSE exc. energies of  Na3N, Na2O, NaF for aug-SZV-MOLOPT-GTH compared to basis set limit: 0.04 eV
Na  aug-SZV-MOLOPT-GTH
1
2 0 2 8 3 2 1
 0.049895 -0.000246  1.008694  0.588608 -0.002074  2.771108  0.828591
 0.100000  0.000000  0.000000 -0.193432  0.000000  2.719014  1.174644
 0.275673 -0.088910  0.046070  0.008730 -0.128295  0.980363  0.215195
 0.734684 -0.487455 -0.241563 -0.010698 -0.345670  0.188022  0.099959
 1.866708 -0.502007 -0.088006  0.001708 -0.405088  0.065409  0.044983
 4.647814 -0.084235 -0.021215  0.000000 -0.276507  0.000000  0.000000
11.135656  0.180415  0.031210  0.000000 -0.102704  0.000000  0.000000
23.518801  0.037798  0.005040  0.000000 -0.041235  0.000000  0.000000

# average deviation of 5 lowest BSE exc. energies of  Na3N, Na2O, NaF for aug-DZVP-MOLOPT-GTH compared to basis set limit: 0.11 eV
Na  aug-DZVP-MOLOPT-GTH
1
2 0 2 8 4 3 1
 0.041082 -0.233317  0.826277  0.509462  0.072545 -0.155130  0.930508  0.440428  0.553308
 0.080000  0.000000  0.000000  0.000000 -0.868995  0.000000  0.000000 -0.115518  0.596987
 0.160574 -0.301762  0.390551 -0.806992  5.006301 -0.115368  0.315221  0.217399  0.157938
 0.463672 -0.255160 -0.309380  0.292886  3.575515 -0.382580 -0.046555  0.079252  0.196565
 1.260954 -0.793525 -0.247006  0.057201 -1.334702 -0.649625 -0.136881  0.162420  0.091224
 3.486609 -0.331139 -0.077133  0.012340  0.000000 -0.567407 -0.106405  0.000000  0.000000
10.057600  0.210980  0.043148 -0.002362  0.000000 -0.261904 -0.049654  0.000000  0.000000
23.790812  0.074481  0.014047  0.000735  0.000000 -0.060829 -0.009936  0.000000  0.000000

# average deviation of 5 lowest BSE exc. energies of  Na3N, Na2O, NaF for aug-TZVP-MOLOPT-GTH compared to basis set limit: 0.07 eV
Na  aug-TZVP-MOLOPT-GTH
1
2 0 3 8 5 4 2 1
 0.041082 -0.233317  0.826277  0.509462  0.052945  0.651774 -0.155130  0.930508 -0.303123  2.526971  0.824207  0.325008  0.554339
 0.080000  0.000000  0.000000  0.000000  0.000000  1.106927  0.000000  0.000000  0.000000 -3.050482  0.000000  0.215166 -0.043562
 0.160574 -0.301762  0.390551 -0.806992  0.268370  3.407641 -0.115368  0.315221  0.832542 -0.597731  0.442106  0.329075  0.111316
 0.463672 -0.255160 -0.309380  0.292886  0.677430 736.148154 -0.382580 -0.046555  0.379591 -0.275867  0.338982  0.182078 -0.013385
 1.260954 -0.793525 -0.247006  0.057201 -0.006147 -1.620051 -0.649625 -0.136881 -0.058098  0.099890  0.073471  0.099226  0.011487
 3.486609 -0.331139 -0.077133  0.012340 -0.651791  0.000000 -0.567407 -0.106405 -0.256437  0.000000  0.057343  0.000000  0.000000
10.057600  0.210980  0.043148 -0.002362  0.194603  0.000000 -0.261904 -0.049654 -0.037715  0.000000 -0.035732  0.000000  0.000000
23.790812  0.074481  0.014047  0.000735  0.059362  0.000000 -0.060829 -0.009936 -0.018500  0.000000  0.018802  0.000000  0.000000

# average deviation of 5 lowest BSE exc. energies of  MgF2, Mg4, MgH2 for aug-SZV-MOLOPT-GTH compared to basis set limit: 0.17 eV
Mg  aug-SZV-MOLOPT-GTH
1
2 0 2 8 3 2 1
 0.059428 -0.011565 -0.681875  0.106684 -0.006397  3.496436  2.293306
 0.095000  0.000000  0.000000 -0.055728  0.000000 -1.416126 25.438052
 0.168626 -0.012877 -0.474104  0.024051  0.029266  1.012993  9.213862
 0.673565 -0.382610  0.233824 -0.001708  0.275295  0.005372  5.220141
 1.851828 -0.641604  0.169149 -0.000336  0.456042 -0.020417 -0.097480
 4.968377 -0.183379  0.039288  0.000000  0.347080  0.000000  0.000000
12.924389  0.180093 -0.033269  0.000000  0.154513  0.000000  0.000000
30.653048  0.054377 -0.008503  0.000000  0.041949  0.000000  0.000000

# average deviation of 5 lowest BSE exc. energies of  MgF2, Mg4, MgH2 for aug-DZVP-MOLOPT-GTH compared to basis set limit: 0.16 eV
Mg  aug-DZVP-MOLOPT-GTH
1
2 0 2 8 4 3 1
 0.053463  0.509930 -0.528647 -0.667359  0.293192  0.182144 -0.540987  0.151471  1.090050
 0.085000  0.000000  0.000000  0.000000 -0.092891  0.000000  0.000000 -0.080174  6.158457
 0.150468  0.339745 -0.589254  0.722931  0.002217  0.279328 -0.760228  0.050838  6.740313
 0.537465 -0.310558 -0.119925  0.022698  0.069259  0.322160 -0.021062  0.000168  1.458671
 1.495769 -0.657889 -0.509954 -0.173037 -0.028185  0.628246  0.268064 -0.001150  0.084577
 4.272010 -0.258213 -0.258732  0.031886  0.000000  0.569068  0.218121  0.000000  0.000000
12.275859  0.161416  0.170214 -0.022625  0.000000  0.250963  0.095108  0.000000  0.000000
30.665113  0.050510  0.054426 -0.004149  0.000000  0.059151  0.021490  0.000000  0.000000

# average deviation of 5 lowest BSE exc. energies of  MgF2, Mg4, MgH2 for aug-TZVP-MOLOPT-GTH compared to basis set limit: 0.13 eV
Mg  aug-TZVP-MOLOPT-GTH
1
2 0 3 8 5 4 2 1
 0.053463  0.509930 -0.528647 -0.667359  0.122943  0.773305  0.182144 -0.540987 -0.707969  0.543192  0.180551  0.269647 -0.547200
 0.085000  0.000000  0.000000  0.000000  0.000000 -0.896614  0.000000  0.000000  0.000000 -0.626846  0.000000  0.005634  6.175927
 0.150468  0.339745 -0.589254  0.722931 -0.019222  0.143207  0.279328 -0.760228  0.401805 -0.279486  0.870375  0.120433  8.184875
 0.537465 -0.310558 -0.119925  0.022698  0.894505  0.091655  0.322160 -0.021062  0.547882 -0.059014  0.449232  0.013685  0.829857
 1.495769 -0.657889 -0.509954 -0.173037 -0.404281  0.100288  0.628246  0.268064 -0.175835  0.007201  0.072486  0.004099  0.108656
 4.272010 -0.258213 -0.258732  0.031886  0.114043  0.000000  0.569068  0.218121 -0.071905  0.000000  0.039843  0.000000  0.000000
12.275859  0.161416  0.170214 -0.022625 -0.087990  0.000000  0.250963  0.095108 -0.032325  0.000000 -0.018120  0.000000  0.000000
30.665113  0.050510  0.054426 -0.004149 -0.013599  0.000000  0.059151  0.021490 -0.004900  0.000000  0.029477  0.000000  0.000000

# average deviation of 5 lowest BSE exc. energies of  Al2O3, AlF3, AlH3 for aug-SZV-MOLOPT-GTH compared to basis set limit: 0.19 eV
Al  aug-SZV-MOLOPT-GTH
1
2 0 2 5 2 2 1
 0.078268 -0.241351  0.377221 -0.270738  0.101501 -0.227410
 0.125000  0.000000 -0.194479  0.000000 -0.095539  0.338960
 0.242419 -0.551006  0.013716 -0.395233 -0.014182  0.599633
 0.454181  0.238368 -0.006087  0.031531 -0.001331  0.036702
 1.212902  0.095249  0.000084  0.017523  0.002408  0.161013

# average deviation of 5 lowest BSE exc. energies of  Al2O3, AlF3, AlH3 for aug-DZVP-MOLOPT-GTH compared to basis set limit: 0.21 eV
Al  aug-DZVP-MOLOPT-GTH
1
2 0 3 5 3 3 2 1
 0.078268 -0.241351 -1.648320  1.822552 -0.270738 -1.208390 -2.680735  0.735530 -0.067619  0.761122
 0.125000  0.000000  0.000000 -1.466539  0.000000  0.000000 11.876160  0.000000  0.251070 -0.117146
 0.242419 -0.551006  1.692156  0.121438 -0.395233  1.076271 -3.308694  1.758688  0.148844 -0.000004
 0.454181  0.238368 -0.662192  0.098807  0.031531  0.059601 -0.713047  0.610925  0.100069 -0.010163
 1.212902  0.095249 -0.230242  0.098997  0.017523 -0.081920  0.090440  0.359234  0.043201  0.016542

# average deviation of 5 lowest BSE exc. energies of  Al2O3, AlF3, AlH3 for aug-TZVP-MOLOPT-GTH compared to basis set limit: 0.10 eV
Al  aug-TZVP-MOLOPT-GTH
1
2 0 4 5 4 4 3 2 1
 0.047186 -0.399606 -0.421896  0.656123 -1.416166 -0.476993 -0.553809  0.608509 -0.210030  0.166956  0.053530 -0.066019  0.071220  0.833609  0.150294
 0.083000  0.000000  0.000000  0.000000 -7.892784  0.000000  0.000000  0.000000  0.212024  0.000000  0.000000  0.112420  0.000000 -0.238448  0.021402
 0.138316 -0.905065  0.108202 -0.393237  0.481966 -0.783207 -0.084349 -0.555669  0.113618  0.429539 -0.542934  0.101545  0.365108  0.076603  0.044288
 0.319866  0.020429  0.682253 -0.081792  0.118301 -0.391596  0.817681  0.274457  0.100225  0.831077  0.516970  0.106305  0.895929  0.262134 -0.012769
 0.932557  0.144068 -0.587220 -0.638888  0.132886  0.075610 -0.132585 -0.495604  0.102671  0.311342 -0.659621  0.113944  0.242766  0.010861 -0.004410

# average deviation of 5 lowest BSE exc. energies of  Si2H6, SiF4, SiO2, Si2OH6 for aug-SZV-MOLOPT-GTH compared to basis set limit: 0.20 eV
Si  aug-SZV-MOLOPT-GTH
1
2 0 2 5 2 2 1
 0.087337 -0.207273  0.691821 -0.353922  0.635149  1.240836
 0.140000  0.000000  0.213587  0.000000  0.402682 -0.027957
 0.238884 -0.558640 -0.053575 -0.409894  0.341359  0.112888
 0.506394 -0.024324 -0.022630 -0.213717 -0.078429  0.100000
 1.256768  0.227718  0.001000  0.067776  0.010000  0.100000

# average deviation of 5 lowest BSE exc. energies of  Si2H6, SiF4, SiO2, Si2OH6 for aug-SZV-MOLOPT-GTH compared to basis set limit: 0.17 eV
Si  aug-SZV-MOLOPT-GTH-LR
1
2 0 2 6 2 2 1
 0.068212  0.122025  0.304030  0.250129  0.229585  1.478439
 0.139987  0.446205  0.246474  0.474592  0.236592  0.423888
 0.326563  0.728834 -0.044347  0.423382 -0.032252  0.186122
 0.513245 -0.228940 -0.004043  0.121487 -0.009688  0.098601
 1.359614 -0.283798  0.006716 -0.059172  0.003415  0.100147
 2.693604  0.015333  0.000000 -0.005800  0.000000  0.000000

# average deviation of 5 lowest BSE exc. energies of  Si2H6, SiF4, SiO2, Si2OH6 for aug-DZVP-MOLOPT-GTH compared to basis set limit: 0.08 eV
Si  aug-DZVP-MOLOPT-GTH
1
2 0 3 6 3 3 2 1
 0.068212  0.122025  0.365245 -1.949281  0.250129  0.647414  0.220549  0.139067  0.266983  0.155795
 0.139987  0.446205 -0.018312  0.620857  0.474592  0.310318 -0.091996  0.281351  0.027442  0.344529
 0.326563  0.728834 -0.228395  0.196035  0.423382 -0.259506 -0.025991  0.282311  0.010900  0.005207
 0.513245 -0.228940 -0.276016  0.100822  0.121487 -0.269559  0.001504  0.517732 -0.010998 -0.000960
 1.359614 -0.283798  0.484816  0.100002 -0.059172  0.055459  0.001007  0.134639 -0.000504  0.001000
 2.693604  0.015333 -0.073325  0.000000 -0.005800  0.023996  0.000000  0.043920  0.000000  0.000000

# average deviation of 5 lowest BSE exc. energies of  Si2H6, SiF4, SiO2, Si2OH6 for aug-TZVP-MOLOPT-GTH compared to basis set limit: 0.04 eV
Si  aug-TZVP-MOLOPT-GTH
1
2 0 4 7 4 4 3 2 1
 0.040000  0.000000  0.000000  0.000000  2.602585  0.000000  0.000000  0.000000  0.672477  0.000000  0.000000  4.340802  0.000000 -2.518034  0.507143
 0.068212  0.122025  0.365245  0.147938 -1.244564  0.250129  0.647414 -0.063011  0.198802  0.139067  0.406207 -0.084627  0.655673  0.107198  0.817039
 0.139987  0.446205 -0.018312 -0.449693  0.210260  0.474592  0.310318  0.336886 -0.095125  0.281351 -0.377563  4.013234 -0.722130  0.012900 -1.096020
 0.326563  0.728834 -0.228395  0.968241  0.114637  0.423382 -0.259506 -0.964190 -0.008959  0.282311  0.799278  0.641510  0.434937  0.060587 -0.758599
 0.513245 -0.228940 -0.276016 -0.707360  0.124571  0.121487 -0.269559  0.854126  0.001257  0.517732 -0.587881  0.045968  0.744191  0.152620 -0.000167
 1.359614 -0.283798  0.484816  0.009708  0.100960 -0.059172  0.055459 -0.158407  0.001001  0.134639 -0.065667  0.100064  0.421421  0.034857  0.010000
 2.693604  0.015333 -0.073325 -0.010190  0.000000 -0.005800  0.023996  0.014221  0.000000  0.043920 -0.021796  0.000000 -0.021648  0.000000  0.000000

# average deviation of 5 lowest BSE exc. energies of  H3PO4, PF5, HCP, PF3, PH3 for aug-SZV-MOLOPT-GTH compared to basis set limit: 0.25 eV
P   aug-SZV-MOLOPT-GTH
1
2 0 2 5 2 2 1
 0.098012 -0.292907  0.175057 -0.517934  0.152026  2.044031
 0.160000  0.000000 -0.024874  0.000000 -0.095921 -1.078089
 0.284968 -0.973819  0.001399 -0.806871  0.045658  0.607067
 0.708433 -0.023088  0.001164 -0.351511 -0.003532 -0.031829
 1.631862  0.335074 -0.000527  0.123300  0.000136  0.058267

# average deviation of 5 lowest BSE exc. energies of  H3PO4, PF5, HCP, PF3, PH3 for aug-DZVP-MOLOPT-GTH compared to basis set limit: 0.17 eV
P   aug-DZVP-MOLOPT-GTH
1
2 0 3 5 3 3 2 1
 0.098012 -0.292907  1.328907  0.157054 -0.517934  1.062072  0.313139  0.407461  0.231772  0.957226
 0.160000  0.000000  0.000000  1.246927  0.000000  0.000000 -0.472400  0.000000 -0.111285  0.161251
 0.284968 -0.973819 -0.851247  0.473481 -0.806871 -0.138884  0.002098  0.699184  0.043720  0.042618
 0.708433 -0.023088  0.008046  0.128944 -0.351511 -0.389557 -0.018211  0.503029 -0.005722 -0.009482
 1.631862  0.335074  0.341513  0.051895  0.123300  0.134460  0.000066  0.174672  0.002699  0.009981

# average deviation of 5 lowest BSE exc. energies of  H3PO4, PF5, HCP, PF3, PH3 for aug-TZVP-MOLOPT-GTH compared to basis set limit: 0.05 eV
P   aug-TZVP-MOLOPT-GTH
1
2 0 4 7 4 4 3 2 1
 0.050000  0.000000  0.000000  0.000000  1.504101  0.000000  0.000000  0.000000  0.673514  0.000000  0.000000  4.099607  0.000000  0.071961  1.183837
 0.075778  0.087479  0.523137  0.538151 -0.886722  0.184269  0.721924 -0.226344 -0.253513  0.030421  0.264355 -0.260980  0.017694  0.209162 -1.501854
 0.166131  0.491467  0.271519 -0.989778  0.159403  0.369849  0.153641  0.178359  0.248197  0.310650  0.131648  0.833112 -0.092924  0.104899  0.099889
 0.372377  0.668025 -0.716390  0.407066  0.100060  0.401195 -0.245674  0.548551  0.004755  0.492728  0.982064  0.099944  0.436476  0.100000  0.100000
 0.688532 -0.113979  0.118785  0.100890  0.100000  0.127534 -0.305520 -0.256363  0.010000  0.507070 -0.592608  0.100000  0.874057  0.100000  0.100000
 1.833920 -0.306815  0.305933  0.126955  0.000000 -0.038865  0.103134  0.038243  0.000000  0.140233 -0.024420  0.000000  0.138145  0.000000  0.000000
 3.338153  0.039454 -0.055902 -0.036333  0.000000 -0.012784  0.005166 -0.021033  0.000000  0.023530 -0.026903  0.000000  0.005311  0.000000  0.000000

# average deviation of 5 lowest BSE exc. energies of  SF2, HSSH, CS2, S2, S5, H2SO4, SF4 for aug-SZV-MOLOPT-GTH compared to basis set limit: 0.21 eV
S   aug-SZV-MOLOPT-GTH
1
2 0 2 5 2 2 1
 0.140587 -0.176972  0.303760 -0.213310  2.699087  0.389575
 0.180000  0.000000 -0.074319  0.000000 -1.600340 -0.017753
 0.410168 -0.733925 -0.002006 -0.605595  0.397150  0.195049
 1.131471  0.127069  0.002694 -0.162197  0.010289  0.078599
 2.215855  0.170963  0.000000  0.092192  0.000000  0.000000

# average deviation of 5 lowest BSE exc. energies of  SF2, HSSH, CS2, S2, S5, H2SO4, SF4 for aug-SZV-MOLOPT-GTH compared to basis set limit: 0.16 eV
S   aug-SZV-MOLOPT-GTH-LR
1
2 0 2 6 2 2 1
 0.070571  0.001593  0.418160  0.025975  0.666096  0.133903
 0.181514  0.307054  0.271991  0.249564  0.229560  0.330577
 0.417525  0.862753 -0.020261  0.507608  0.045442  0.194903
 0.861004 -0.099161  0.000475  0.160834  0.010000  0.100000
 2.362752 -0.351216  0.000000 -0.035665  0.000000  0.000000
 3.817591  0.075559  0.000000 -0.019219  0.000000  0.000000

# average deviation of 5 lowest BSE exc. energies of  SF2, HSSH, CS2, S2, S5, H2SO4, SF4 for aug-DZVP-MOLOPT-GTH compared to basis set limit: 0.09 eV
S   aug-DZVP-MOLOPT-GTH
1
2 0 3 6 3 3 2 1
 0.100000  0.000000  0.000000 -0.646775  0.000000  0.000000  0.126081  0.000000  0.865945  0.441198
 0.140587 -0.176972 -0.625513  0.380296 -0.213310  1.155700 -0.181948  0.217880 -0.512406  0.063436
 0.181514  0.000000  0.000000 -0.040934  0.000000  0.000000  0.102299  0.000000  0.183560  0.648997
 0.410168 -0.733925  0.683497  0.016293 -0.605595 -0.369173 -0.011560  0.866786  0.040757  0.166239
 1.131471  0.127069 -0.209877  0.001025 -0.162197 -0.094737  0.001745  0.350414 -0.012263  0.076150
 2.215855  0.170963 -0.080727  0.000000  0.092192  0.057845  0.000000  0.113763  0.000000  0.000000

# average deviation of 5 lowest BSE exc. energies of  SF2, HSSH, CS2, S2, S5, H2SO4, SF4 for aug-TZVP-MOLOPT-GTH compared to basis set limit: 0.06 eV
S   aug-TZVP-MOLOPT-GTH
1
2 0 4 7 4 4 3 2 1
 0.070571  0.001593  0.359607 -0.378803  1.356578  0.025975  0.740434 -0.341040 -0.304784 -0.019953 -0.158217  0.382244  0.060851 -0.011716 -0.458345
 0.110000  0.000000  0.000000  0.000000 -1.647138  0.000000  0.000000  0.000000  0.720063  0.000000  0.000000  0.542585  0.000000  0.217838  4.089297
 0.181514  0.307054  0.419230  0.259547  0.521757  0.249564  0.786544  0.204234  0.104099  0.204746 -0.120503  0.755891  0.173138  0.217639  3.922620
 0.417525  0.862753 -0.737641 -0.236534 -0.137330  0.507608 -0.536548  0.847620 -0.120490  0.472319  0.746641  0.110207  0.768725  0.098308  0.094160
 0.861004 -0.099161  0.206133  0.139445  0.054014  0.160834 -0.170454 -0.656181 -0.002432  0.344818 -0.325440 -0.054762  0.679954  0.075532  0.241249
 2.362752 -0.351216  0.179094  0.901079  0.000000 -0.035665  0.064608  0.216735  0.000000  0.104757  0.042690  0.000000  0.057788  0.000000  0.000000
 3.817591  0.075559 -0.045713 -0.334103  0.000000 -0.019219  0.001714 -0.065082  0.000000  0.007498 -0.024662  0.000000  0.013118  0.000000  0.000000

# average deviation of 5 lowest BSE exc. energies of  ClF, HCl, CCl4, ClF3, Cl2 for aug-SZV-MOLOPT-GTH compared to basis set limit: 0.30 eV
Cl  aug-SZV-MOLOPT-GTH
1
2 0 2 5 2 2 1
 0.150015 -0.402600  0.107939 -0.299835  3.235711  0.238500
 0.200000  0.000000 -0.060203  0.000000 -2.134242 -0.019243
 0.461213 -1.015493  0.011126 -0.463530  0.581740  0.153635
 1.470718  0.023266 -0.000592 -0.193945  0.003931  0.072740
 2.379078  0.349065  0.000000  0.116462  0.000000  0.000000

# average deviation of 5 lowest BSE exc. energies of  ClF, HCl, CCl4, ClF3, Cl2 for aug-SZV-MOLOPT-GTH compared to basis set limit: 0.21 eV
Cl  aug-SZV-MOLOPT-GTH-LR
1
2 0 2 6 2 2 1
 0.089685  0.053469  0.167696  0.129741  0.854337  1.089528
 0.225105  0.492962 -0.092800  0.367216 -0.345092  0.100000
 0.515012  0.656897  0.001000  0.409671  0.010000  0.100000
 1.107869 -0.013978  0.001000  0.165914  0.010000  0.100000
 2.685006 -0.363217  0.000000 -0.038757  0.000000  0.000000
 4.577034  0.065052  0.000000 -0.018555  0.000000  0.000000

# average deviation of 5 lowest BSE exc. energies of  ClF, HCl, CCl4, ClF3, Cl2 for aug-DZVP-MOLOPT-GTH compared to basis set limit: 0.19 eV
Cl  aug-DZVP-MOLOPT-GTH
1
2 0 3 5 3 3 2 1
 0.150015 -0.402600  0.681437 -0.478146 -0.299835  1.036634 -0.273521  0.154947  0.901737  0.928914
 0.200000  0.000000  0.000000  0.930828  0.000000  0.000000  1.368662  0.000000 -0.365382 -0.103989
 0.461213 -1.015493 -0.702516 -0.255421 -0.463530 -0.439023  0.041207  0.766878 -0.001784  0.108120
 1.470718  0.023266  0.170052  0.137786 -0.193945 -0.212781  0.093141  0.303857 -0.009056  0.127055
 2.379078  0.349065  0.153138  0.000000  0.116462  0.160068  0.000000  0.074898  0.000000  0.000000

# average deviation of 5 lowest BSE exc. energies of  ClF, HCl, CCl4, ClF3, Cl2 for aug-DZVP-MOLOPT-GTH compared to basis set limit: 0.07 eV
Cl  aug-DZVP-MOLOPT-GTH-LR
1
2 0 3 6 3 3 2 1
 0.089685  0.053469  0.558744  3.130591  0.129741  1.105427  0.741897 -0.001400 -0.165593  1.944916
 0.225105  0.492962  0.132600 -0.178771  0.367216  0.798387 -0.042765  0.275653 -0.005485  0.377613
 0.515012  0.656897 -0.631234 -0.125815  0.409671 -0.435900  0.059989  0.542588 -0.002948  0.076831
 1.107869 -0.013978  0.170471  0.091656  0.165914 -0.069603  0.002036  0.303641  0.000999  0.098217
 2.685006 -0.363217  0.289384  0.000000 -0.038757  0.062415  0.000000  0.112660  0.000000  0.000000
 4.577034  0.065052 -0.056917  0.000000 -0.018555  0.004981  0.000000  0.008255  0.000000  0.000000

# average deviation of 5 lowest BSE exc. energies of  ClF, HCl, CCl4, ClF3, Cl2 for aug-TZVP-MOLOPT-GTH compared to basis set limit: 0.09 eV
Cl  aug-TZVP-MOLOPT-GTH
1
2 0 4 7 4 4 3 2 1
 0.089685  0.053469  0.558744 -0.074518  1.464892  0.129741  1.105427 -0.464882  2.629374 -0.001400 -0.558927 -2.167394 -0.147003  0.862050  3.176656
 0.150000  0.000000  0.000000  0.000000 -1.536462  0.000000  0.000000  0.000000 -2.190199  0.000000  0.000000  0.294719  0.000000  0.448177 10.788257
 0.225105  0.492962  0.132600  0.113337  0.900932  0.367216  0.798387  0.872968  1.471969  0.275653  0.683411 -0.072897  0.342441  0.037616 -0.284349
 0.515012  0.656897 -0.631234 -0.584789 -0.402063  0.409671 -0.435900 -0.452556 -0.185681  0.542588  0.152366  0.014329  0.715553  0.100627 -2.292290
 1.107869 -0.013978  0.170471  0.240058  0.133388  0.165914 -0.069603 -0.139584  0.090777  0.303641 -0.255873  0.023863  0.393537  0.110345 -0.340604
 2.685006 -0.363217  0.289384  0.906226  0.000000 -0.038757  0.062415  0.099373  0.000000  0.112660  0.022761  0.000000  0.024412  0.000000  0.000000
 4.577034  0.065052 -0.056917 -0.222676  0.000000 -0.018555  0.004981  0.014188  0.000000  0.008255 -0.023982  0.000000  0.012967  0.000000  0.000000

# average deviation of 5 lowest BSE exc. energies of  ClF, HCl, CCl4, ClF3, Cl2 for aug-TZVP-MOLOPT-GTH compared to basis set limit: 0.04 eV
Cl  aug-TZVP-MOLOPT-GTH-LR
1
2 0 4 7 4 4 3 2 1
 0.050000  0.000000  0.000000  0.000000  0.623381  0.000000  0.000000  0.000000  0.550795  0.000000  0.000000 -0.110180  0.000000  1.248300 -0.392954
 0.089685  0.053469  0.558744 -0.074518 -0.122290  0.129741  1.105427 -0.464882  0.271803 -0.001400 -0.558927  0.059573 -0.147003 -0.372368  0.053630
 0.225105  0.492962  0.132600  0.113337  0.077533  0.367216  0.798387  0.872968  0.348550  0.275653  0.683411  0.100018  0.342441  0.169239  0.091994
 0.515012  0.656897 -0.631234 -0.584789  0.034486  0.409671 -0.435900 -0.452556 -0.015455  0.542588  0.152366  0.174553  0.715553  0.213675  0.094521
 1.107869 -0.013978  0.170471  0.240058  0.013380  0.165914 -0.069603 -0.139584  0.010511  0.303641 -0.255873  0.093951  0.393537  0.070399  0.100000
 2.685006 -0.363217  0.289384  0.906226  0.000000 -0.038757  0.062415  0.099373  0.000000  0.112660  0.022761  0.000000  0.024412  0.000000  0.000000
 4.577034  0.065052 -0.056917 -0.222676  0.000000 -0.018555  0.004981  0.014188  0.000000  0.008255 -0.023982  0.000000  0.012967  0.000000  0.000000

# average deviation of 5 lowest BSE exc. energies of  Ar4, Ar5, Ar6 for aug-SZV-MOLOPT-GTH compared to basis set limit: 0.55 eV
Ar  aug-SZV-MOLOPT-GTH
1
2 0 2 6 2 2 1
 0.128036 -0.148475  0.119765 -0.248562  0.216165  0.915107
 0.200000  0.000000 -0.114044  0.000000 -0.191125 -0.445860
 0.366457 -0.745539  0.020253 -0.507928  0.042907  0.126890
 0.925306 -0.356808 -0.001927 -0.382286 -0.018673  0.094579
 2.888051  0.488559  0.000000 -0.050561  0.000000  0.000000
 3.936450 -0.126877  0.000000  0.081197  0.000000  0.000000

# average deviation of 5 lowest BSE exc. energies of  Ar4, Ar5, Ar6 for aug-TZVP-MOLOPT-GTH compared to basis set limit: 0.86 eV
Ar  aug-TZVP-MOLOPT-GTH
1
2 0 4 6 4 4 3 2 1
 0.126465  0.520062  0.726756  0.150832  0.415832 -0.150011 -0.720055  0.561533  0.127384 -0.064129  0.457136  1.658726  0.055010  0.092946  0.333851
 0.200000  0.000000  0.000000  0.000000 -0.398455  0.000000  0.000000  0.000000 -0.114092  0.000000  0.000000 -0.320272  0.000000  2.412830 -0.191037
 0.383242  0.663854 -0.514451  0.283987  0.084415 -0.796314 -0.069169  0.075119  0.019277  0.939487  0.298218 -0.051065  0.941566  0.235001  0.030125
 1.018307  0.171009 -0.385261  0.236559 -0.033427 -0.549479  0.049590 -0.463361 -0.012007  0.260824 -0.468698  0.032759  0.139637  0.155234 -0.000248
 2.818191 -0.475530  0.030564  0.811001  0.000000 -0.203360  0.674726  0.562352  0.000000  0.203845 -0.677012  0.000000 -0.296722  0.000000  0.000000
 4.716627  0.182920  0.240428  0.427691  0.000000  0.009894  0.137920  0.384831  0.000000 -0.060571 -0.155143  0.000000  0.053710  0.000000  0.000000

# average deviation of 5 lowest BSE exc. energies of  Ar4, Ar5, Ar6 for aug-DZVP-MOLOPT-GTH compared to basis set limit: 0.45 eV
Ar  aug-DZVP-MOLOPT-GTH
1
2 0 3 6 3 3 2 1
 0.128036 -0.148475 -1.869800 -0.213144 -0.248562  1.384190 -0.367441  1.358176 -0.103161 -0.794987
 0.200000  0.000000  0.000000  0.322180  0.000000  0.000000  0.627382  0.000000  1.852437  7.817701
 0.366457 -0.745539  1.833671 -0.169752 -0.507928 -0.965020 -0.356870 -0.967474 -1.222280 -0.692711
 0.925306 -0.356808 -0.229699  0.030079 -0.382286 -0.074150  0.019496 -0.072609  0.023377  0.981290
 2.888051  0.488559  0.030456  0.000000 -0.050561 -0.153265  0.000000 -0.157990  0.000000  0.000000
 3.936450 -0.126877 -0.120854  0.000000  0.081197  0.115243  0.000000  0.118434  0.000000  0.000000

# average deviation of 5 lowest BSE exc. energies of  K3P, KCl, K2S, KH, KF for aug-SZV-MOLOPT-GTH compared to basis set limit: 0.29 eV
K   aug-SZV-MOLOPT-GTH
1
2 0 2 7 3 2 1
 0.036854  0.136961  1.420210 -0.253801 -0.002663  0.345906  0.652438
 0.077587  0.000000  0.000000  0.192624  0.000000 -0.104267  0.210000
 0.163340  0.132147 -0.040956  0.015922 -0.129654  0.004820  0.023892
 0.407596  0.640287 -0.523436  0.103606 -0.345163  0.001004  0.022889
 0.954063  0.579236 -0.270918  1.650549 -0.331387 -0.007579  0.004749
 2.714958 -0.332680  0.045797 -0.591082 -0.600248  0.000988  0.010133
 2.891270 -0.125588  0.141760  0.100000  0.586274  0.001000  0.010000

# average deviation of 5 lowest BSE exc. energies of  K3P, KCl, K2S, KH, KF for aug-SZV-MOLOPT-GTH compared to basis set limit: 0.25 eV
K   aug-SZV-MOLOPT-GTH-LR
1
2 0 2 7 3 2 1
 0.022000  0.000000  0.000000  0.188036  0.000000  0.471011  2.895850
 0.036854  0.136961  1.420210 -0.165162 -0.002663  0.388256  1.896433
 0.163340  0.132147 -0.040956  0.000010 -0.129654  0.000100  0.100000
 0.407596  0.640287 -0.523436  0.000010 -0.345163  0.000100  0.100000
 0.954063  0.579236 -0.270918  0.000010 -0.331387  0.000100  0.100000
 2.714958 -0.332680  0.045797  0.000010 -0.600248  0.000100  0.100000
 2.891270 -0.125588  0.141760  0.000010  0.586274  0.000100  0.100000

# average deviation of 5 lowest BSE exc. energies of  K3P, KCl, K2S, KH, KF for aug-DZVP-MOLOPT-GTH compared to basis set limit: 0.24 eV
K   aug-DZVP-MOLOPT-GTH
1
2 0 3 7 4 3 2 1
 0.022000  0.000000  0.000000  0.000000 -0.953286  0.000000  0.000000  0.498354  0.000000 -0.157249 -0.037624
 0.036854  0.136961  1.420210 -0.693763  0.162786 -0.002663  0.780745 -0.354443  0.480095 -0.021788  0.100000
 0.163340  0.132147 -0.040956  2.654427  0.010000 -0.129654  0.092759  0.001000  0.452553  0.001000  0.100000
 0.407596  0.640287 -0.523436 -2.539586  0.010000 -0.345163 -0.144666  0.001000  0.234673  0.001000  0.100000
 0.954063  0.579236 -0.270918  0.363168  0.010000 -0.331387 -0.078101  0.001000  0.234486  0.001000  0.100000
 2.714958 -0.332680  0.045797 -0.045826  0.010000 -0.600248 -0.189434  0.001000  0.113985  0.001000  0.100000
 2.891270 -0.125588  0.141760  0.092583  0.010000  0.586274  0.174578  0.001000 -0.022072  0.001000  0.100000

# average deviation of 5 lowest BSE exc. energies of  K3P, KCl, K2S, KH, KF for aug-TZVP-MOLOPT-GTH compared to basis set limit: 0.19 eV
K   aug-TZVP-MOLOPT-GTH
1
2 0 3 7 5 4 3 1
 0.020000  0.000000  0.000000  0.000000  0.000000  0.141203  0.000000  0.000000  0.000000 -0.457175  0.000000  0.000000 -0.124811 -0.102279
 0.030615  0.407401  0.794919 -0.418500  0.032545 -0.144489  0.187690  0.907244 -0.354201  0.003599  0.411523  0.711845 -0.015180  0.100000
 0.092761  0.763920 -0.085162  0.625088  0.078579  0.001000  0.038168  0.370352  0.852536  0.000100  0.625760  0.210680  0.001000  0.100000
 0.271151 -0.043997 -0.250000 -0.148435  0.313551  0.001000 -0.246890  0.014236  0.181114  0.000100  0.474791 -0.498215  0.001000  0.100000
 0.705531  0.165018 -0.224133 -0.234501 -0.669420  0.001000 -0.372473  0.023051 -0.325276  0.000100  0.371935 -0.427350  0.001000  0.100000
 2.273943  0.240062 -0.301093 -0.405960  0.622227  0.001000 -0.658999  0.141212 -0.017282  0.000100  0.265152 -0.124132  0.001000  0.100000
 2.487480 -0.404541  0.396811  0.438515  0.243235  0.001000  0.573886 -0.138106 -0.093904  0.000100 -0.070754 -0.051341  0.001000  0.100000

# average deviation of 5 lowest BSE exc. energies of  CaF2, CaCl2, CaH2 for aug-SZV-MOLOPT-GTH compared to basis set limit: 0.37 eV
Ca  aug-SZV-MOLOPT-GTH
1
2 0 2 7 3 2 1
 0.055000  0.039132  1.342564 -0.389575 -0.000004  4.717930  0.365205
 0.115600  0.000000  0.000000  8.928979  0.000000  0.643557  0.228092
 0.242971 -0.208972 -0.096822 -3.543745 -0.251682 -0.065588  0.220489
 0.614376 -0.908395 -0.502207 -0.822442 -0.634031 -0.333588  0.064836
 1.429520 -0.323550 -0.096936 -0.050723 -0.466720  0.038596  0.099323
 4.091752  0.887611  0.216895  0.000000  0.014547  0.000000  0.000000
 5.284986 -0.416183 -0.083912  0.000000  0.064960  0.000000  0.000000

# average deviation of 5 lowest BSE exc. energies of  CaH2, CaF2, CaCl2 for aug-SZV-MOLOPT-GTH compared to basis set limit: 0.29 eV
Ca  aug-SZV-MOLOPT-GTH
1
2 0 2 8 3 2 1
 0.030000  0.000000  0.000000  0.116000  0.000000  1.033264  0.157460
 0.055000  0.039132  1.342564 -0.083461 -0.000004  0.838231  0.117288
 0.110000  0.000000  0.000000  0.011959  0.000000  0.701111  0.523087
 0.242971 -0.208972 -0.096822 -0.005099 -0.251682 -0.191408  0.251946
 0.614376 -0.908395 -0.502207 -0.002923 -0.634031 -0.078300  0.084418
 1.429520 -0.323550 -0.096936  0.000703 -0.466720  0.032580  0.132143
 4.091752  0.887611  0.216895  0.000000  0.014547  0.000000  0.000000
 5.284986 -0.416183 -0.083912  0.000000  0.064960  0.000000  0.000000

# average deviation of 5 lowest BSE exc. energies of  CaF2, CaCl2, CaH2 for aug-DZVP-MOLOPT-GTH compared to basis set limit: 0.22 eV
Ca  aug-DZVP-MOLOPT-GTH
1
2 0 3 7 4 3 2 1
 0.055000  0.039132  1.342564  0.887844  0.025371 -0.000004  0.854082 -0.635170  0.653032  0.259611 -0.019731
 0.110000  0.000000  0.000000  0.000000 -0.807092  0.000000  0.000000  0.129187  0.000000  0.223700  0.051338
 0.242971 -0.208972 -0.096822 -3.043287  0.006405 -0.251682  0.144908  0.112767  0.820157  0.328563  0.026737
 0.614376 -0.908395 -0.502207  2.853615  0.289796 -0.634031 -0.218228  0.125573  0.372586  0.018747  0.145820
 1.429520 -0.323550 -0.096936 -0.601923  0.000000 -0.466720 -0.073244  0.000000  0.458365  0.000000  0.000000
 4.091752  0.887611  0.216895  0.314511  0.000000  0.014547 -0.028998  0.000000  0.197843  0.000000  0.000000
 5.284986 -0.416183 -0.083912 -0.208575  0.000000  0.064960  0.026515  0.000000 -0.066631  0.000000  0.000000

# average deviation of 5 lowest BSE exc. energies of  CaF2, CaCl2, CaH2 for aug-TZVP-MOLOPT-GTH compared to basis set limit: 0.12 eV
Ca  aug-TZVP-MOLOPT-GTH
1
2 0 3 7 5 4 3 1
 0.048448  0.307181  0.857269  0.396971  0.026466 -0.147104 -0.514966  0.758386 -0.359834  4.213001 -0.865354  0.311032 -1.381887 -0.031396
 0.090632  0.000000  0.000000  0.000000  0.000000 -0.632545  0.000000  0.000000  0.000000 -3.827702  0.000000  0.000000 -0.180559  0.014407
 0.169547  0.139130  0.216046 -0.749021  0.135105  0.146178 -0.341495  0.242135  0.861233  1.756414 -0.147668  0.552489  2.179889  0.084209
 0.472314 -0.621592 -0.048736  0.404173  0.150451  0.168198 -0.497455 -0.422288  0.112207  0.732374  0.262509  0.410783  1.535045  0.092521
 1.196021 -0.318999  0.140737 -0.072525  0.316444  0.064404 -0.544914 -0.374364 -0.333364 -0.447528  0.044709  0.309112  0.155811  0.121468
 3.944817  0.554255 -0.372903  0.273630  0.657430  0.000000 -0.178632 -0.156521  0.015733  0.000000  0.305344  0.473621  0.000000  0.000000
 4.585536 -0.301575  0.239113 -0.194659  0.652732  0.000000  0.204668  0.152472 -0.069487  0.000000 -0.255366 -0.330765  0.000000  0.000000

# average deviation of 5 lowest BSE exc. energies of  CaF2, CaCl2, CaH2 for aug-TZVP-MOLOPT-GTH compared to basis set limit: 0.08 eV
Ca  aug-TZVP-MOLOPT-GTH-LR
1
2 0 3 7 5 4 3 1
 0.030000  0.000000  0.000000  0.000000  0.000000  0.153825  0.000000  0.000000  0.000000  0.766584  0.000000  0.000000  0.100000 -0.077031
 0.048448  0.307181  0.857269  0.396971  0.026466 -0.100438 -0.514966  0.758386 -0.359834 -0.400172 -0.865354  0.311032  1.089501  0.056821
 0.169547  0.139130  0.216046 -0.749021  0.135105 -0.002078 -0.341495  0.242135  0.861233  0.003023 -0.147668  0.552489 17.364882  0.236402
 0.472314 -0.621592 -0.048736  0.404173  0.150451  0.000100 -0.497455 -0.422288  0.112207  0.001000  0.262509  0.410783  9.459075  0.384392
 1.196021 -0.318999  0.140737 -0.072525  0.316444  0.000100 -0.544914 -0.374364 -0.333364  0.001000  0.044709  0.309112  0.100000  0.100000
 3.944817  0.554255 -0.372903  0.273630  0.657430  0.000100 -0.178632 -0.156521  0.015733  0.001000  0.305344  0.473621  0.100000  0.100000
 4.585536 -0.301575  0.239113 -0.194659  0.652732  0.000000  0.204668  0.152472 -0.069487  0.000000 -0.255366 -0.330765  0.000000  0.000000

# average deviation of 5 lowest BSE exc. energies of  ScH3, ScCl3, ScOF, ScF3 for aug-SZV-MOLOPT-GTH compared to basis set limit: 0.16 eV
Sc  aug-SZV-MOLOPT-GTH
1
2 0 3 6 3 2 2 1
 0.054429 -0.076152  1.048240  0.836832 -0.004061  0.015188  0.155178  2.625757  0.064682
 0.197284 -0.063678  0.072090 -0.816615  0.091871  1.710363  0.446780  5.936632  0.187612
 0.543348 -0.729329 -0.458470 -0.386222  0.444181  2.899020  0.405780  3.863018  0.286157
 1.358433 -0.619613 -0.224169  0.111725  0.468025 -0.892978  0.336184  0.272913  0.294954
 3.531908  0.513267  0.153537  0.102218  0.071268 -0.019835  0.192728 -0.253410  0.069248
 7.596359 -0.005608 -0.000597  0.000000 -0.092378  0.000000  0.045120  0.000000  0.000000

# average deviation of 5 lowest BSE exc. energies of  ScH3, ScCl3, ScOF, ScF3 for aug-DZVP-MOLOPT-GTH compared to basis set limit: 0.05 eV
Sc  aug-DZVP-MOLOPT-GTH
1
2 0 4 7 4 3 3 2 1
 0.054429 -0.076152  1.048240  1.327173 -1.310517 -0.004061  0.798175  1.378145  0.155178  0.993268  0.171578 -0.034432 -0.059114 -0.056139
 0.103624  0.000000  0.000000  0.000000  1.100000  0.000000  0.000000  1.002344  0.000000  0.000000  0.041429  0.000000 -0.027090 -0.012628
 0.197284 -0.063678  0.072090 -2.748813 -1.045898  0.091871  0.624400 -1.033277  0.446780  0.338357  0.040564 -0.806019 -0.214721  0.029379
 0.543348 -0.729329 -0.458470  1.714745  0.524169  0.444181 -0.236102 -1.469279  0.405780 -0.337050  0.065258 -0.717025  0.100000  0.100000
 1.358433 -0.619613 -0.224169  0.050489  0.100000  0.468025 -0.177053  0.100000  0.336184 -0.167689  0.100000 -0.090319  0.100000  0.100000
 3.531908  0.513267  0.153537  0.228058  0.100000  0.071268 -0.024160  0.100000  0.192728 -0.096235  0.100000 -0.021058  0.100000  0.100000
 7.596359 -0.005608 -0.000597 -0.002144  0.000000 -0.092378  0.020935  0.000000  0.045120 -0.026242  0.000000  0.005774  0.000000  0.000000

# average deviation of 5 lowest BSE exc. energies of  ScH3, ScCl3, ScOF, ScF3 for aug-TZVP-MOLOPT-GTH compared to basis set limit: 0.04 eV
Sc  aug-TZVP-MOLOPT-GTH
1
2 0 4 7 5 4 4 3 1
 0.050983 -0.545802  0.500141 -0.665276  0.095821  0.414720  0.254147  0.758584  0.560636 -0.331702  0.032023  0.758279  0.606459  0.099984 -0.151971  0.649170  0.581197  0.160785
 0.097090  0.000000  0.000000  0.000000  0.000000  2.718034  0.000000  0.000000  0.000000  0.208419  0.000000  0.000000  0.000000  0.106437  0.000000  0.000000  0.100910  0.099965
 0.184895 -0.454735 -0.785950 -0.162691  0.384073 -1.526977  0.300145  0.525972 -0.765098  0.103009  0.488837  0.554383 -0.650089  6.253743 -0.771029  0.390075 -0.194386 -0.017395
 0.538107 -0.287393  0.354410  0.597818  0.644536  3.349546  0.624780 -0.294570 -0.147808 -0.382067  0.670738 -0.295227  0.070827  0.100000 -0.612670 -0.627423  0.100000  0.100000
 1.388441 -0.475039  0.031186  0.342441 -0.401827  0.100000  0.656837 -0.242508  0.278844  0.100000  0.476655 -0.148063  0.406090  0.100000 -0.082289 -0.180830  0.100000  0.100000
 3.411668  0.432429  0.074580 -0.237179  0.510322  0.100000  0.084956 -0.031706 -0.023205  0.100000  0.276938 -0.088803  0.193775  0.100000 -0.016387 -0.007714  0.100000  0.100000
 7.686171  0.008069 -0.000263 -0.005728  0.077377  0.000000 -0.127752  0.036289  0.013149  0.000000  0.078932 -0.026569  0.046014  0.000000  0.003902  0.001151  0.000000  0.000000

# average deviation of 5 lowest BSE exc. energies of  TiF4, TiH4, TiO2, TiCl4 for aug-SZV-MOLOPT-GTH compared to basis set limit: 0.21 eV
Ti  aug-SZV-MOLOPT-GTH
1
2 0 3 6 3 2 2 1
 0.077078  0.075172  0.993127  0.164558 -0.007523  0.101919  0.132321 -0.371425  0.054900
 0.222222 -0.029011  0.165168 -0.029558  0.077641 -0.886196  0.347092 -0.930455  0.305646
 0.596768 -0.726045 -0.451592 -0.002790  0.468198 -3.255798  0.396808 -0.839607  0.827704
 1.513589 -0.664996 -0.256642  0.008653  0.527329 -0.702695  0.330344  0.245325  1.239775
 3.894698  0.499504  0.103957 -0.000540  0.100913  0.239633  0.195987  0.320912  0.149587
 7.884570  0.004751 -0.002691 -0.000569 -0.108737  0.072267  0.052842  0.024083  0.047981

# average deviation of 5 lowest BSE exc. energies of  TiF4, TiH4, TiO2, TiCl4 for aug-DZVP-MOLOPT-GTH compared to basis set limit: 0.12 eV
Ti  aug-DZVP-MOLOPT-GTH
1
2 0 4 7 4 3 3 2 1
 0.077078  0.075172  0.993127  1.368228 -0.583429 -0.007523  0.946961 -0.396447  0.132321  1.046553  0.138075  0.934394  0.724214 -0.068841
 0.130876  0.000000  0.000000  0.000000  0.080067  0.000000  0.000000 -0.154793  0.000000  0.000000  0.016988  0.000000 -0.145183 -0.006021
 0.222222 -0.029011  0.165168 -2.748652  0.112249  0.077641  0.343517 -0.059294  0.347092  0.038099  0.094411 -0.279146 -0.264628  0.035437
 0.596768 -0.726045 -0.451592  1.660896  0.128920  0.468198 -0.126795  0.282317  0.396808 -0.118369  0.096400 -0.546596 -0.355171  4.336068
 1.513589 -0.664996 -0.256642  0.079733  0.000000  0.527329 -0.230044  0.000000  0.330344 -0.242486  0.000000 -0.206818  0.000000  0.000000
 3.894698  0.499504  0.103957  0.048603  0.000000  0.100913 -0.027189  0.000000  0.195987 -0.076880  0.000000  0.013119  0.000000  0.000000
 7.884570  0.004751 -0.002691  0.075106  0.000000 -0.108737  0.023185  0.000000  0.052842 -0.038307  0.000000 -0.002443  0.000000  0.000000

# average deviation of 5 lowest BSE exc. energies of  TiF4, TiH4, TiO2, TiCl4 for aug-TZVP-MOLOPT-GTH compared to basis set limit: 0.04 eV
Ti  aug-TZVP-MOLOPT-GTH
1
2 0 4 7 5 4 4 3 1
 0.058600  0.584092  0.563992  0.577598  0.083611  0.149100  0.157153  0.638556  0.722632  0.877570  0.061197  0.724943  0.595459  0.628062 -0.038844  0.723065  0.031063  0.099999
 0.110558  0.000000  0.000000  0.000000  0.000000  0.243573  0.000000  0.000000  0.000000 -0.060547  0.000000  0.000000  0.000000  0.016660  0.000000  0.000000  0.070448  0.105224
 0.208582  0.298903  0.408576 -0.760307  0.397301  0.100000  0.276740  0.702699 -0.622101  0.010000  0.500552  0.566029 -0.620530  0.100000 -0.804026  0.352587  0.100000  0.100000
 0.596387 -0.626664  0.284790  0.257719  0.676812  0.100000  0.622694 -0.203857 -0.162836  0.010000  0.629255 -0.344773 -0.041393  0.100000 -0.590136 -0.499312  0.100000  0.100000
 1.527429 -0.363862  0.507147 -0.063986 -0.499641  0.100000  0.684103 -0.236867  0.248548  0.010000  0.506115 -0.158762  0.435252  0.100000 -0.056885 -0.317703  0.100000  0.100000
 3.765303  0.210463 -0.419533  0.133330  0.356223  0.000000  0.131963 -0.019376 -0.040436  0.000000  0.289875 -0.090536  0.257440  0.000000 -0.021914  0.043854  0.000000  0.000000
 7.528136  0.009788 -0.025824  0.004911 -0.023464  0.000000 -0.159870  0.020501  0.029421  0.000000  0.097785 -0.042401  0.054205  0.000000  0.007513 -0.026241  0.000000  0.000000

# average deviation of 5 lowest BSE exc. energies of  VOF3, VH5 for aug-SZV-MOLOPT-GTH compared to basis set limit: 0.06 eV
V   aug-SZV-MOLOPT-GTH
1
2 0 3 6 3 2 2 1
 0.067390 -0.000084  1.134108 -0.655601 -0.004719 -0.135915  0.134089  0.049116  0.054230
 0.242420 -0.048891  0.104275 -0.264167  0.086227  0.005166  0.324485  0.101440  0.077385
 0.666665 -0.670820 -0.436715  1.380487  0.483737  0.108134  0.350513  0.098003  0.109690
 1.674403 -0.682491 -0.215218  0.000000  0.556225  0.000000  0.318208  0.000000  0.000000
 4.192170  0.491009  0.116394  0.000000  0.142384  0.000000  0.194804  0.000000  0.000000
 7.984624  0.020762  0.003472  0.000000 -0.127318  0.000000  0.054932  0.000000  0.000000

# average deviation of 5 lowest BSE exc. energies of  VOF3, VH5 for aug-DZVP-MOLOPT-GTH compared to basis set limit: 0.04 eV
V   aug-DZVP-MOLOPT-GTH
1
2 0 4 7 4 3 3 2 1
 0.067390 -0.000084  1.134108  1.490360  1.159698 -0.004719  0.737649 -0.204330  0.134089  0.919495  0.076171  0.651022 -0.000288  0.222205
 0.127815  0.000000  0.000000  0.000000 -1.467165  0.000000  0.000000 -0.072620  0.000000  0.000000  0.098842  0.000000  0.071300  0.422141
 0.242420 -0.048891  0.104275 -2.575720 -0.544605  0.086227  0.567083  0.100000  0.324485  0.328827  0.100000 -0.518403  0.100000  0.100000
 0.666665 -0.670820 -0.436715  1.571858  0.100000  0.483737 -0.212389  0.100000  0.350513 -0.254635  0.100000 -0.672649  0.100000  0.100000
 1.674403 -0.682491 -0.215218  0.055753  0.000000  0.556225 -0.168853  0.000000  0.318208 -0.120778  0.000000 -0.165484  0.000000  0.000000
 4.192170  0.491009  0.116394  0.265023  0.000000  0.142384 -0.034743  0.000000  0.194804 -0.101117  0.000000  0.051515  0.000000  0.000000
 7.984624  0.020762  0.003472  0.004589  0.000000 -0.127318  0.022348  0.000000  0.054932 -0.022459  0.000000 -0.026581  0.000000  0.000000

# average deviation of 5 lowest BSE exc. energies of  VOF3, VH5 for aug-TZVP-MOLOPT-GTH compared to basis set limit: 0.08 eV
V   aug-TZVP-MOLOPT-GTH
1
2 0 4 7 5 4 4 3 1 1
 0.063437 -0.520429  0.757146  0.318908  0.227323 -0.707929  0.236371  0.657369  0.659057 -0.343059 -0.107565  0.720190  0.526215  0.108008 -0.028321  0.337587  0.151220  3.113820  2.687929
 0.116692  0.000000  0.000000  0.000000  0.000000  0.102146  0.000000  0.000000  0.000000 13.568553  0.000000  0.000000  0.000000  0.507808  0.000000  0.000000  0.011000 -0.755648 -0.917221
 0.214655 -0.539058 -0.111723 -0.779366  0.243488  0.915017  0.296135  0.648082 -0.604928 -0.888501  0.270864  0.681538 -0.575079  0.000831 -0.726070  0.600008 -0.268974 -2.131368  2.687929
 0.596297 -0.101757 -0.472373  0.394696  0.774796  9.572136  0.539594 -0.180643 -0.316142  0.456528  0.666097 -0.124844 -0.262759 -0.010736 -0.680442 -0.601661  0.007119 -0.140574  2.687929
 1.527332 -0.548400 -0.365861  0.363857 -0.511790  0.336572  0.692746 -0.332978  0.308503  1.100000  0.571040 -0.030294  0.508322 -0.008459 -0.091524 -0.402707  0.000984  0.099560  3.718034
 3.711809  0.347306  0.227061 -0.046962  0.108151  0.000000  0.227318 -0.055438 -0.050741  0.000000  0.354293 -0.014600  0.238720  0.000000 -0.024476  0.036552  0.000000  0.000000  0.000000
 7.334422  0.082783  0.075501  0.022451  0.122896  0.000000 -0.183580  0.035718  0.044847  0.000000  0.140591 -0.010717  0.089228  0.000000  0.006559 -0.022825  0.000000  0.000000  0.000000

# average deviation of 5 lowest BSE exc. energies of  CrO3, CrCO6 for aug-SZV-MOLOPT-GTH compared to basis set limit: 0.06 eV
Cr  aug-SZV-MOLOPT-GTH
1
2 0 3 6 3 2 2 1
 0.096285 -0.018726  1.121145  0.365733 -0.012851  1.973157  0.091087  0.022179 -0.006292
 0.293768 -0.097787  0.171514 -0.084040  0.104097 -0.174019  0.298492 -0.415355  0.005568
 0.787756 -0.813738 -0.583673 -0.022215  0.518904  7.954102  0.315064  0.154303 -0.480550
 1.935101 -0.806654 -0.230184  0.000000  0.572145  0.000000  0.291296  0.000000  0.000000
 4.473610  0.611382  0.102717  0.000000  0.123957  0.000000  0.165470  0.000000  0.000000
 8.512515  0.044158  0.005521  0.000000 -0.106538  0.000000  0.081831  0.000000  0.000000

# average deviation of 5 lowest BSE exc. energies of  CrO3, CrCO6 for aug-DZVP-MOLOPT-GTH compared to basis set limit: 0.09 eV
Cr  aug-DZVP-MOLOPT-GTH
1
2 0 4 7 4 3 3 2 1
 0.096285 -0.018726  1.121145  1.333321  1.166042 -0.012851  0.728237  0.171135  0.091087  1.044472  1.629357 -0.051750  0.333705 -0.116636
 0.168183  0.000000  0.000000  0.000000  2.718034  0.000000  0.000000 18.858074  0.000000  0.000000  1.033543  0.000000  0.033157  2.687929
 0.293768 -0.097787  0.171514 -2.505465 -1.809830  0.104097  0.544756 -14.608591  0.298492  0.671194 -6.136068 -1.002149  0.001057  0.937881
 0.787756 -0.813738 -0.583673  1.450867  0.052909  0.518904 -0.237503 -0.982249  0.315064 -0.406253 -0.937197 -0.642427  0.000867 -0.240095
 1.935101 -0.806654 -0.230184  0.286789 -0.015665  0.572145 -0.183706  0.100000  0.291296 -0.303533  0.100000 -0.023503  0.001000  0.100000
 4.473610  0.611382  0.102717 -0.056755  0.000000  0.123957 -0.039827  0.000000  0.165470 -0.200411  0.000000 -0.041960  0.000000  0.000000
 8.512515  0.044158  0.005521  0.051984  0.000000 -0.106538  0.019160  0.000000  0.081831 -0.086435  0.000000  0.010065  0.000000  0.000000

# average deviation of 5 lowest BSE exc. energies of  CrCO6, CrO3 for aug-TZVP-MOLOPT-GTH compared to basis set limit: 0.16 eV
Cr  aug-TZVP-MOLOPT-GTH
1
2 0 4 7 5 4 4 3 1
 0.035000  0.000000  0.000000  0.000000  0.000000  0.142416  0.000000  0.000000  0.000000  0.981691  0.000000  0.000000  0.000000  0.631600  0.000000  0.000000  0.170305  0.787862
 0.069933 -0.535460  0.599786  0.588345 -0.010771  0.002558  0.073841  0.333412  0.893018  0.555107  0.006911  0.091569  0.634306  0.651603 -0.035308  0.943424 -0.117421 -0.023381
 0.201502 -0.304621  0.478695 -0.729496  0.318024  0.000808  0.221111  0.903842 -0.278403  0.522196 -0.032707  0.984478  0.028043  0.798223 -0.732696  0.013470  0.041727 -0.016854
 0.578749 -0.258121 -0.398997  0.270392  0.576158  0.000396  0.512662 -0.028015 -0.273409 -0.044284  0.605515  0.131575 -0.553853  0.096103 -0.671226 -0.012282  0.002265  0.004368
 1.552922 -0.657768 -0.484950 -0.181801  0.016570  0.000000  0.785463 -0.266060  0.203560  0.000000  0.654448 -0.031587  0.471099  0.000000 -0.104776 -0.327433  0.000000  0.000000
 3.452053  0.324083  0.118742  0.109288  0.750317  0.000000  0.204080 -0.014218 -0.073860  0.000000  0.365429 -0.061181 -0.108039  0.000000 -0.019483 -0.026358  0.000000  0.000000
 7.375104  0.127177  0.051312  0.059821  0.059460  0.000000 -0.155673 -0.011404  0.058019  0.000000  0.265318 -0.019128  0.237718  0.000000 -0.002773 -0.041374  0.000000  0.000000

# average deviation of 5 lowest BSE exc. energies of  MnO3F, MnO4H for aug-SZV-MOLOPT-GTH compared to basis set limit: 0.03 eV
Mn  aug-SZV-MOLOPT-GTH
1
2 0 3 6 3 2 2 1
 0.101924 -0.091391  0.922002  3.201611 -0.006600  1.603140  0.104489  0.361113  0.097783
 0.342420 -0.107063  0.161978  0.718034  0.112195  0.101854  0.410034  0.091332  0.100000
 0.889601 -0.719279 -0.484911  0.127389  0.547991  0.087460  0.462244  0.100000  0.100000
 2.164527 -0.728865 -0.168391  0.000000  0.595365  0.000000  0.432303  0.000000  0.000000
 4.848055  0.524173  0.080999  0.000000  0.147233  0.000000  0.251552  0.000000  0.000000
 8.544553  0.073093  0.007738  0.000000 -0.112357  0.000000  0.128427  0.000000  0.000000

# average deviation of 5 lowest BSE exc. energies of  MnO3F, MnO4H for aug-DZVP-MOLOPT-GTH compared to basis set limit: 0.05 eV
Mn  aug-DZVP-MOLOPT-GTH
1
2 0 4 7 4 3 3 2 1
 0.101924 -0.091391  0.922002  1.312465  1.201103 -0.006600  0.923252  1.910836  0.104489  0.884778  1.089185 -0.410552  0.170962  4.396170
 0.186818  0.000000  0.000000  0.000000  0.099998  0.000000  0.000000 -0.257386  0.000000  0.000000  0.098217  0.000000 -0.042256 -2.558688
 0.342420 -0.107063  0.161978 -2.382397  5.336068  0.112195  0.787892  0.100000  0.410034  0.535487  0.100000 -0.731351  0.001000  0.100000
 0.889601 -0.719279 -0.484911  1.528519  0.100000  0.547991 -0.223282  0.100000  0.462244 -0.283875  0.100000 -0.593865  0.001000  0.100000
 2.164527 -0.728865 -0.168391 -0.083273  0.000000  0.595365 -0.222690  0.000000  0.432303 -0.372206  0.000000 -0.006930  0.000000  0.000000
 4.848055  0.524173  0.080999  0.243235  0.000000  0.147233 -0.022564  0.000000  0.251552 -0.201137  0.000000 -0.038269  0.000000  0.000000
 8.544553  0.073093  0.007738  0.072615  0.000000 -0.112357 -0.000918  0.000000  0.128427 -0.098510  0.000000  0.011600  0.000000  0.000000

# average deviation of 5 lowest BSE exc. energies of  MnO3F, MnO4H for aug-TZVP-MOLOPT-GTH compared to basis set limit: 0.02 eV
Mn  aug-TZVP-MOLOPT-GTH
1
2 0 5 8 5 4 4 3 2 1
 0.050000  0.000000  0.000000  0.000000  0.000000  0.804427  0.000000  0.000000  0.000000  4.147020  0.000000  0.000000  0.000000  3.643045  0.000000  0.000000  0.778212  0.000000  0.139453  0.103637
 0.101924 -0.091391  0.922002  1.312465  1.201103  0.002103 -0.006600  0.923252  1.910836 -1.391775  0.104489  0.884778  1.089185 -1.427322 -0.410552 17.096153 -0.663932  4.396170 -0.229942 -0.065490
 0.186818  0.000000  0.000000  0.000000  0.099998  0.018204  0.000000  0.000000 -0.257386  0.100000  0.000000  0.000000  0.098217  0.100000  0.000000 -4.225583  0.100000 -2.558688  0.001000  0.001000
 0.342420 -0.107063  0.161978 -2.382397  5.336068  0.010000  0.112195  0.787892  0.100000  0.100000  0.410034  0.535487  0.100000  0.100000 -0.731351  0.100000  0.100000  0.100000  0.001000  0.001000
 0.889601 -0.719279 -0.484911  1.528519  0.100000  0.010000  0.547991 -0.223282  0.100000  0.100000  0.462244 -0.283875  0.100000  0.100000 -0.593865  0.100000  0.100000  0.100000  0.001000  0.001000
 2.164527 -0.728865 -0.168391 -0.083273  0.000000  0.000000  0.595365 -0.222690  0.000000  0.000000  0.432303 -0.372206  0.000000  0.000000 -0.006930  0.000000  0.000000  0.000000  0.000000  0.000000
 4.848055  0.524173  0.080999  0.243235  0.000000  0.000000  0.147233 -0.022564  0.000000  0.000000  0.251552 -0.201137  0.000000  0.000000 -0.038269  0.000000  0.000000  0.000000  0.000000  0.000000
 8.544553  0.073093  0.007738  0.072615  0.000000  0.000000 -0.112357 -0.000918  0.000000  0.000000  0.128427 -0.098510  0.000000  0.000000  0.011600  0.000000  0.000000  0.000000  0.000000  0.000000

# average deviation of 5 lowest BSE exc. energies of  ZnF2, ZnCl2, ZnMe2, ZnH2 for aug-SZV-MOLOPT-GTH compared to basis set limit: 0.12 eV
Zn  aug-SZV-MOLOPT-GTH
1
2 0 3 6 2 2 2 1
 0.079830 -0.482185  0.149522 -0.498669  1.557722  0.009049  0.089634  0.100133
 0.222222 -0.625184 -0.000137 -0.531921  0.100811  0.097325 22.280340  0.060136
 0.545418  0.137056 -0.003178 -0.060403  0.099524  0.224404 -0.706915  0.129841
 1.341704  0.274600  0.000153  0.109520  0.105861  0.326076 -0.043298  0.509654
 3.167793 -0.095613 -0.000044 -0.010450  0.104210  0.358914  0.100000  0.100000
 6.400813  0.021801  0.000010  0.002944  0.100000  0.285687  0.100000  0.100000

# average deviation of 5 lowest BSE exc. energies of  ZnF2, ZnCl2, ZnMe2, ZnH2 for aug-DZVP-MOLOPT-GTH compared to basis set limit: 0.09 eV
Zn  aug-DZVP-MOLOPT-GTH
1
2 0 4 6 3 3 3 2 1
 0.047979 -0.624929 -0.677988 -1.569814 -0.980854  0.098238 -0.261065 -0.007202  0.172328  0.022172  0.252031  0.041317  0.705705
 0.139193 -0.721723  0.351834 -0.015746 -0.018483  0.808952  0.081152  0.055190  0.572477  0.025171  0.747453  0.103043  4.979273
 0.376911 -0.081668  0.445144  0.136497  0.185391  0.536093  0.092070  0.260619  0.762586  0.057016  0.602174  0.087534  0.173932
 1.000684  0.284012 -0.458715  0.000000 -0.052761 -0.219778  0.000000  0.508895 -0.149995  0.000000  0.123016  0.000000  0.000000
 2.638267 -0.034509  0.088826  0.000000 -0.020595 -0.015736  0.000000  0.622085 -0.181402  0.000000  0.006574  0.000000  0.000000
 6.104275  0.007499 -0.009121  0.000000  0.002458  0.000936  0.000000  0.531992 -0.075038  0.000000 -0.002144  0.000000  0.000000

# average deviation of 5 lowest BSE exc. energies of  ZnF2, ZnCl2, ZnMe2, ZnH2 for aug-TZVP-MOLOPT-GTH compared to basis set limit: 0.06 eV
Zn  aug-TZVP-MOLOPT-GTH
1
2 0 4 7 4 4 4 3 1
 0.047979 -0.624929 -0.677988  0.260476 -2.742443 -0.980854  0.098238  0.106770  0.818354 -0.007202  0.172328  0.978970 -1.108724  0.252031  0.964698  0.275974 -0.114184
 0.081721  0.000000  0.000000  0.000000  4.520437  0.000000  0.000000  0.000000 -0.182632  0.000000  0.000000  0.000000  0.037215  0.000000  0.000000 -0.043322 -0.008854
 0.139193 -0.721723  0.351834 -0.199759  1.735571 -0.018483  0.808952 -0.360234 -0.025655  0.055190  0.572477 -0.178540  0.106779  0.747453 -0.230389  0.118512  2.066356
 0.376911 -0.081668  0.445144  0.884974 -1.570769  0.185391  0.536093  0.687824 -0.020686  0.260619  0.762586 -0.072377  0.102894  0.602174 -0.102152  0.097444  0.166329
 1.000684  0.284012 -0.458715  0.321771 -0.327121 -0.052761 -0.219778  0.363752  0.068171  0.508895 -0.149995  0.000688  0.252476  0.123016 -0.076372  0.089776 -0.005125
 2.638267 -0.034509  0.088826 -0.001541  0.000000 -0.020595 -0.015736  0.502191  0.000000  0.622085 -0.181402  0.066216  0.000000  0.006574 -0.002518  0.000000  0.000000
 6.104275  0.007499 -0.009121 -0.074376  0.000000  0.002458  0.000936  0.034896  0.000000  0.531992 -0.075038 -0.010856  0.000000 -0.002144  0.002263  0.000000  0.000000

# average deviation of 5 lowest BSE exc. energies of  GaF, GaCl, GaCl3, GaH3 for aug-SZV-MOLOPT-GTH compared to basis set limit: 0.23 eV
Ga  aug-SZV-MOLOPT-GTH
1
2 0 3 7 2 2 2 1
 0.076562 -0.411890 -2.810956 -0.419386  0.118817 -0.001205  0.416586  1.055956
 0.133275  0.000000 -0.085014  0.000000 -0.014721  0.000000  4.534694  2.633308
 0.232197 -0.765662  8.119349 -0.807329  0.009615 -0.056130  3.633150  2.140766
 0.571611  0.114461  0.852904 -0.096033  0.002073 -0.204608  1.134581  1.915885
 1.430064  0.270488 -2.735104  0.130532  0.000849 -0.341437 -0.119093  0.110633
 3.428369 -0.049926  0.318585  0.003363  0.000233 -0.386389 -0.154849  0.122785
 7.066654  0.004039  0.000000  0.000167  0.000000 -0.311164  0.000000  0.000000

# average deviation of 5 lowest BSE exc. energies of  GaF, GaCl, GaCl3, GaH3 for aug-DZVP-MOLOPT-GTH compared to basis set limit: 0.17 eV
Ga  aug-DZVP-MOLOPT-GTH
1
2 0 4 7 3 3 3 2 1
 0.076562 -0.411890  1.829744  0.636042 -0.419386 -1.217068  0.962100 -0.001205  0.817650  0.259707  1.018553  4.090555 -0.003088
 0.133332  0.000000  0.000000  2.627278  0.000000  0.000000 -0.382857  0.000000  0.000000  1.306268  0.000000  0.092703  0.350477
 0.232197 -0.765662 -1.779140  0.053364 -0.807329  1.288732 -0.009132 -0.056130  0.455579 -0.000038  0.322063 -0.671691  1.937224
 0.571611  0.114461  0.388651  1.197975 -0.096033  0.052258  0.010000 -0.204608  0.349719  0.001000  0.451921  0.100000  0.100000
 1.430064  0.270488  0.375791  0.010000  0.130532 -0.084207  0.010000 -0.341437 -0.304563  0.001000  0.049258  0.100000  0.100000
 3.428369 -0.049926  0.005770  0.010000  0.003363 -0.090543  0.010000 -0.386389 -0.200457  0.001000 -0.016602  0.100000  0.100000
 7.066654  0.004039 -0.031817  0.000000  0.000167  0.029367  0.000000 -0.311164 -0.152378  0.000000  0.008402  0.000000  0.000000

# average deviation of 5 lowest BSE exc. energies of  GaF, GaCl, GaCl3, GaH3 for aug-TZVP-MOLOPT-GTH compared to basis set limit: 0.07 eV
Ga  aug-TZVP-MOLOPT-GTH
1
2 0 4 7 4 4 4 3 1
 0.040000  0.000000  0.000000  0.000000  0.194264  0.000000  0.000000  0.000000  0.168602  0.000000  0.000000  0.000000  0.179995  0.000000  0.000000  2.303296 -0.099604
 0.056923 -0.288855  0.827121  0.430832 -0.000664 -0.555101 -0.780864  0.258336 -0.003077 -0.049795  0.253061  0.940614  0.004953  0.137327  0.974515  1.872158  0.086949
 0.157457 -0.826717  0.023744 -0.551121 -0.000469 -0.736192  0.301123 -0.555535  0.002668 -0.138575  0.557840  0.033579  0.005336  0.407172  0.020884 -6.029751  0.350661
 0.404299 -0.268053 -0.434388  0.243586 -0.000810 -0.362845  0.518954  0.510990  0.000100 -0.363557  0.694524 -0.327808 -0.013453  0.893295 -0.135090 -0.929356  1.088734
 1.101545  0.401249  0.352469 -0.657157  0.003251  0.133450 -0.172653 -0.601147 -0.001742 -0.480975 -0.230702  0.068251  0.001457  0.131822 -0.164525  0.100000  0.100000
 3.016564 -0.014862 -0.048298  0.128378  0.000100  0.020299 -0.021301 -0.002978  0.000100 -0.610381 -0.258290  0.037726  0.000100  0.000556  0.060791  0.100000  0.100000
 6.931811 -0.005259  0.006860  0.054580  0.000000 -0.002513  0.000511 -0.046334  0.000000 -0.492181 -0.149916  0.024040  0.000000  0.000031 -0.029516  0.000000  0.000000

# average deviation of 5 lowest BSE exc. energies of  GeCl4, GeO, GeH4, GeF4, GeO2 for aug-SZV-MOLOPT-GTH compared to basis set limit: 0.28 eV
Ge  aug-SZV-MOLOPT-GTH
1
2 0 2 4 2 2 1
 0.110740 -0.656438  0.515977 -0.400605  0.141757  0.700471
 0.322428 -0.974595 -0.048815 -0.762507 -0.000435  0.842686
 1.419172  0.601635 -0.013029  0.102041  0.001008  0.063634
 3.751626 -0.081331  0.000000  0.009035  0.000000  0.000000

# average deviation of 5 lowest BSE exc. energies of  GeCl4, GeO, GeH4, GeF4, GeO2 for aug-DZVP-MOLOPT-GTH compared to basis set limit: 0.19 eV
Ge  aug-DZVP-MOLOPT-GTH
1
2 0 3 5 3 3 2 1
 0.110740 -0.656438 -1.762910  0.104967 -0.400605 -1.461907  1.537694  0.473934  0.122614  1.607350
 0.188959  0.000000  0.000000  4.598615  0.000000  0.000000 -3.272634  0.000000  0.020092 27.186238
 0.322428 -0.974595  1.770142  0.000920 -0.762507  1.459739  0.837953  1.386643  0.014169 146.649118
 1.419172  0.601635 -0.833572  0.002100  0.102041 -0.184454  0.107764  0.112319 -0.000895 16.953358
 3.751626 -0.081331  0.131718 -0.001597  0.009035 -0.028178 -0.005344 -0.016818  0.001000  0.100000

# average deviation of 5 lowest BSE exc. energies of  GeCl4, GeO, GeH4, GeF4, GeO2 for aug-TZVP-MOLOPT-GTH compared to basis set limit: 0.13 eV
Ge  aug-TZVP-MOLOPT-GTH
1
2 0 4 5 4 4 3 2 1
 0.082619 -0.506632 -0.861763  0.026259  0.083915 -0.251439 -0.966973  0.033185  1.100000  0.237110  0.971396  0.696548  0.095357 -0.056611  2.718034
 0.153842  0.000000  0.000000  0.000000 -4.038844  0.000000  0.000000  0.000000 -0.760954  0.000000  0.000000 -1.851908  0.000000 162.551690 126.417734
 0.286464 -0.718038  0.438573  0.538961  0.150119 -0.964496  0.251993 -0.022759  0.718034  0.952371 -0.229974  0.262786  0.905150  5.336068 44.742853
 1.599151  0.457538 -0.243936  0.824780  0.013235  0.076643  0.011047  0.151495  0.100000  0.168603 -0.054208 -0.004345  0.354549 -2.585723  0.478146
 2.756348 -0.135663  0.074258 -0.169023  0.007296  0.025534 -0.036603 -0.987639  0.163973 -0.091335  0.023734  0.010961 -0.214257  0.481966  0.100000

# average deviation of 5 lowest BSE exc. energies of  AsH3, As4, AsCl3 for aug-SZV-MOLOPT-GTH compared to basis set limit: 0.23 eV
As  aug-SZV-MOLOPT-GTH
1
2 0 2 4 2 2 1
 0.097982 -0.209729 -0.598971 -0.182958  3.097626  0.643206
 0.234711 -0.705420  0.752110 -0.425177 -1.055934  0.381653
 0.889293 -0.687765 -0.041863 -0.362620  0.222186  0.063393
 1.098624  0.855667  0.000000  0.312803  0.000000  0.000000

# average deviation of 5 lowest BSE exc. energies of  AsH3, As4, AsCl3 for aug-DZVP-MOLOPT-GTH compared to basis set limit: 0.16 eV
As  aug-DZVP-MOLOPT-GTH
1
2 0 3 5 3 3 2 1
 0.097982 -0.209729  1.439206  0.500585 -0.182958 -1.485977 -0.201795  0.039413  1.538259  0.382321
 0.151649  0.000000  0.000000  0.812505  0.000000  0.000000  0.107355  0.000000 -0.885759  0.413126
 0.234711 -0.705420 -2.016588 -0.631274 -0.425177  0.935057  0.101118  0.988598  0.780343  0.200858
 0.889293 -0.687765 -0.627316  0.109000 -0.362620  0.216505  0.037220  0.223787  0.063151  0.093592
 1.098624  0.855667 -0.557302  0.000000  0.312803 -0.238168  0.000000 -0.102372  0.000000  0.000000

# average deviation of 5 lowest BSE exc. energies of  AsH3, As4, AsCl3 for aug-TZVP-MOLOPT-GTH compared to basis set limit: 0.10 eV
As  aug-TZVP-MOLOPT-GTH
1
2 0 4 5 4 4 3 2 1
 0.084741  0.550870 -0.831092  0.016534 -0.260769 -0.599573 -0.796268  0.058686 -0.170492  0.167072  0.548730  2.034238 -0.007436  0.481966  0.445825
 0.145812  0.000000  0.000000  0.000000  0.249155  0.000000  0.000000  0.000000  0.297911  0.000000  0.000000 -1.750243  0.000000  0.087116  1.254241
 0.250894 -0.399661 -0.298224  0.690015 -0.229500 -0.496897  0.291999 -0.539445  0.103998  0.930667  0.186283  0.113858  0.707270  0.103332  0.400575
 0.939118 -0.417358 -0.330700 -0.721348  0.090816 -0.465712  0.386417 -0.229376  0.100000  0.281285 -0.686758 -0.105403  0.600600  0.100000  0.100000
 1.103336  0.602184  0.333146 -0.057120  0.100000  0.420377 -0.362457 -0.808048  0.100000 -0.163783  0.438814  0.100000 -0.372819  0.100000  0.100000

# average deviation of 5 lowest BSE exc. energies of  SeO2H2, Se6, SeO2 for aug-SZV-MOLOPT-GTH compared to basis set limit: 0.21 eV
Se  aug-SZV-MOLOPT-GTH
1
2 0 2 5 2 2 1
 0.107173 -0.299101 -1.127883 -0.381187  0.196303  0.551074
 0.180000  0.000000  0.841125  0.000000 -0.115654  2.436643
 0.303575 -1.057800  0.065784 -0.653355 -0.002116 -0.005133
 1.029752 -0.177617  0.211447 -0.349361 -0.000068  0.040517
 1.465689  0.522315  0.120042  0.302629  0.003029  0.127313

# average deviation of 5 lowest BSE exc. energies of  SeO2H2, Se6, SeO2 for aug-DZVP-MOLOPT-GTH compared to basis set limit: 0.12 eV
Se  aug-DZVP-MOLOPT-GTH
1
2 0 3 5 3 3 2 1
 0.091127 -0.617761  0.764942 -0.247037 -0.922880  0.345867 -0.420586 -0.129111  0.390006 -0.069634
 0.150000  0.000000  0.000000  0.104908  0.000000  0.000000  0.324683  0.000000 -0.091586  0.253441
 0.277731 -0.287244 -0.412732  0.105823 -0.290046 -0.337335  0.129223 -0.762600  0.028781  0.711766
 1.079560 -0.499920 -0.254829  0.052423 -0.195401 -0.639182 -0.037967 -0.517960  0.000604  0.156870
 1.243062  0.534735  0.423767  0.093683  0.161200  0.598354  0.100351  0.365361  0.000889  0.073998

# average deviation of 5 lowest BSE exc. energies of  SeO2H2, Se6, SeO2 for aug-TZVP-MOLOPT-GTH compared to basis set limit: 0.02 eV
Se  aug-TZVP-MOLOPT-GTH
1
2 0 4 5 4 4 3 2 1
 0.091127 -0.617761  0.764942  0.155077 -0.228887 -0.922880  0.345867 -0.165541 -1.582636 -0.129111  0.511146  0.382198 -0.062614 -0.187679 -0.028898
 0.150000  0.000000  0.000000  0.000000  0.151101  0.000000  0.000000  0.000000  1.853862  0.000000  0.000000 -0.496646  0.000000  0.006378  0.420279
 0.277731 -0.287244 -0.412732  0.427213  0.147336 -0.290046 -0.337335  0.889147  0.091624 -0.762600  0.496363  0.100056  0.553602  0.001677  1.076622
 1.079560 -0.499920 -0.254829 -0.816916 -0.114879 -0.195401 -0.639182 -0.383121  0.121830 -0.517960 -0.559771  0.039244  0.684758  0.000992  0.246165
 1.243062  0.534735  0.423767 -0.355088  0.009830  0.161200  0.598354  0.187700  0.105006  0.365361  0.423095 -0.017498 -0.469799 -0.003635  0.082422

# average deviation of 5 lowest BSE exc. energies of  BrCl, HCBr3, HBr, Br2 for aug-SZV-MOLOPT-GTH compared to basis set limit: 0.27 eV
Br  aug-SZV-MOLOPT-GTH
1
2 0 2 4 2 2 1
 0.115887 -0.358131 -2.719131 -0.708523  0.890302  0.147596
 0.337589 -1.701043  0.094134 -1.220408 -0.013222  0.946573
 0.995743 -0.178220 -0.085661 -0.559270  0.002459  0.098849
 1.737393  0.698849  0.099745  0.408222  0.000996  0.100020

# average deviation of 5 lowest BSE exc. energies of  BrCl, HCBr3, HBr, Br2 for aug-DZVP-MOLOPT-GTH compared to basis set limit: 0.19 eV
Br  aug-DZVP-MOLOPT-GTH
1
2 0 3 5 3 3 2 1
 0.115887 -0.358131  1.946345  0.718627 -0.708523  3.770311 -0.309037 -0.592507  0.750077  0.195185
 0.197793  0.000000  0.000000  9.316632  0.000000  0.000000 -0.269012  0.000000 -0.001709  0.000069
 0.337589 -1.701043 -2.197717 -8.546630 -1.220408 -0.996384 -1.259524 -2.891235  0.090558  0.001454
 0.995743 -0.178220  0.121124  0.934465 -0.559270 -0.028682  4.438682 -2.354879  0.005592 -0.007679
 1.737393  0.698849 -0.027830 -0.285687  0.408222  0.104200 -0.485234  0.735356  0.001460 -0.002096

# average deviation of 5 lowest BSE exc. energies of  BrCl, HCBr3, HBr, Br2 for aug-TZVP-MOLOPT-GTH compared to basis set limit: 0.16 eV
Br  aug-TZVP-MOLOPT-GTH
1
2 0 4 5 4 4 3 2 1
 0.109057 -0.848691  0.475014  0.232247 -0.479552 -0.911948  0.401814  0.028627  0.231039 -0.085870  0.968180 -1.119710  0.085529  0.117101  4.864556
 0.192642  0.000000  0.000000  0.000000  0.684764  0.000000  0.000000  0.000000  9.336068  0.000000  0.000000  1.677214  0.000000  0.080910  6.679724
 0.340288 -0.176023 -0.620811  0.647700 -0.652610 -0.261159 -0.413016 -0.231577 -2.559982 -0.759189  0.083503  0.343243  0.562831 -0.012655 -0.834663
 1.265248 -0.365974 -0.293489 -0.709583  0.116192 -0.235598 -0.595575 -0.564294  0.246391 -0.528189 -0.149283  0.454037  0.680778 -0.013989  0.508934
 1.476887  0.338826  0.550291  0.151781  0.151923  0.211284  0.559692 -0.791912  0.580267  0.370505  0.182675  0.163647 -0.460920  0.001000  0.158865
