#16_S__13_aug-SZV-MOLOPT-SR-GTH                Smallest tot error: Step 240 Calc SF4         tot error =        298    avg. error (eV) 0.041
S aug-SZV-MOLOPT-SR-GTH
   1
2 0 2 5 2 2 1
 0.1000000000  0.0000000000  1.5937412352  0.0000000000  0.2352902564  0.3189395810
 0.1405873300 -0.1769716339 -0.2232098772 -0.2133097898 -0.1508825633  0.8967901250
 0.4101681440 -0.7339253817 -0.0101315299 -0.6055947376  0.0000093977  0.9580173950
 1.1314705253  0.1270694056  0.0000000000 -0.1621970938  0.0000000000  0.0000000000
 2.2158546928  0.1709628784  0.0000000000  0.0921918242  0.0000000000  0.0000000000

#34_Se_14_aug-SZV-MOLOPT-SR-GTH                Smallest tot error: Step 381 Calc SeO2_______ tot error =        355    avg. error (eV) 0.053
Se aug-SZV-MOLOPT-SR-GTH
1
2 0 2 4 2 2 1
0.107173147417 -0.299101385035 -1.0149199499794792 -0.381186874482 11.158415704747432 2.0199685679091686
0.303575471349 -1.057800048233 0.3114641219616462 -0.653355185785 -2.965195533611643 0.34180149785088454
1.029752381010 -0.177617010578 0.06995879382930151 -0.349360567622 0.18447969864355776 0.07634123164245372
1.465689267622 0.522315327760 0.10000000001249561 0.302629346132 0.12424735137798928 0.0635571590173146

#42_Mo_05_aug-SZV-MOLOPT-SR-GTH                Smallest tot error: Step 1726 Calc MoF6       tot error =         97    avg. error (eV) 0.041
Mo aug-SZV-MOLOPT-SR-GTH
1
2 0 3 7 3 2 2 1
0.052948764137 0.016176877393 -0.574266536022 -0.9585571818746537 0.000883614589 3.8447048466920237 0.013662121505 -0.17877213256007096 -0.5805516520905818
0.083802212693 -0.062285567387 -0.868201464922 0.7817007221219867 -0.000916114554 -0.8133131606113382 0.047819428716 -1.5860037311940032 0.014248981419185661
0.189497802537 0.085911973535 -0.210930323620 0.2561935792599831 -0.016882413378 2.384459685872184 0.200727667932 -0.6876225733314731 0.3869320604812636
0.439256605865 0.131763425580 0.062954195096 -0.39122161071976386 -0.177325998176 0.604465472721314 0.312615422763 -0.07796003876917168 0.694898932381216
0.894040376874 0.676100594670 0.285544120446 0.1459190371396467 -0.244205356948 -0.42898466594902873 0.207391250228 0.1229676838778368 0.09683329959328811
1.999996221023 0.255133124027 -0.231957971109 0.07464942013670356 -0.375633370985 -0.02215344909701614 0.289650418561 -0.02827284088037926 0.11039815856081342
2.540273246178 -0.578530819221 0.207479779241 0.09802323514399218 0.307100812758 -0.04338470743293038 -0.149151531382 0.05372230505213364 -0.06132199557416044

#74_W__07_aug-SZV-MOLOPT-SR-GTH                Smallest tot error: Step 585 Calc WO3________ tot error =        266    avg. error (eV) 0.042
W aug-SZV-MOLOPT-SR-GTH
1
2 0 3 6 3 2 2 1
0.074662878487 -0.194908755488 0.767604001481 2.0797075048355183 0.002782169859 -0.7927148388936733 0.166409595366 -0.41969339827168417 0.12234178230365898
0.214446586103 -0.084224251837 0.243845988221 0.27432357505116134 -0.022741809925 -0.8783042677991512 0.520355492616 -0.6656604567358574 1.1322294041678007
0.501100356736 -0.518231686854 -0.399441949193 -0.9318694757226863 -0.201524408230 -0.313117444513235 0.551980290722 -0.5468492420213027 0.4943684031279888
1.106150599362 -1.218290751007 -0.497581763775 0.18514494759474515 -0.270577331119 0.09551464098594718 0.396440765199 0.10000000001960074 0.0657914378566251
2.893835485057 0.301691972314 0.288483139662 0.06363877167817328 -0.467840628709 0.09959670823858158 0.135920880880 0.05774463026067193 0.05695167393538291
3.103253876757 0.441154908462 -0.046848871737 0.03294142149875498 0.516608286752 0.0998865214241901 -0.104347730230 0.10052028313881388 0.03598215287479607
