 H  aug-SZV-MOLOPT-ae
                1
2 0 1 4 3 1
 0.0654284286  0.0000000000 -0.6121238451  3.0262809744  0.5859881132
 0.1688554040  0.4446345422  1.1762871789 -2.0322170890 -0.1029772065
 0.6239137298  0.5353281423  0.1373952735 -0.0195388621  0.0413342776
 3.4252509140  0.1543289673 -0.0105292005  0.0051176050  0.0014909234

H aug-DZVP-MOLOPT-ae
          1
 2 0 1 5 3 2
 0.0350000000  0.0000000000  0.0000000000  1.5855645006  0.0000000000  3.1718890446
 0.1119200649  0.0912230399  0.9812902240 -1.4947567450  0.0998895850  3.1905343582
 0.3749477190  0.8272484291  0.0201024169 -0.0011121796  0.8564017401  0.4114908553
 1.4466857212  0.5468013574 -0.1892389601 -0.0000549253  0.5056746863  0.0950521878
12.2488548993  0.0913601066 -0.0292233654  0.0000000000 -0.0298536766  0.0000000000

C aug-SZV-MOLOPT-ae
             2
1 0 0 3 1
71.6168373500  0.1543289673
13.0450963200  0.5353281423
 3.5305121600  0.4446345422
2 0 2 4 2 2 1
 0.1145589556  0.0000000000  1.6412690153  0.0000000000  0.8118208262  0.0265392317
 0.2222899159  0.7001154689  1.6673597185  0.3919573931 -0.8624489777  0.2004431968
 0.6834830964  0.3995128261 -0.4671568771  0.6076837186  0.3562150386  0.0338150090
 2.9412493550 -0.0999672292  0.0762641339  0.1559162750 -0.0217965090  0.0080566675

C aug-DZVP-MOLOPT-ae
          2
 2 1 3 5 3 2 1
 0.0500000000  0.0000000000  0.0000000000  0.1514233095  0.0000000000 -0.0599374280 -0.0024471348
 0.0969351383  0.0978783169  0.8999216021 -0.1886970750  0.0587211441  0.0926836412  0.0250527487
 0.3008993035  0.6405987503  0.2697628553 -0.0096285546  0.6782703967 -0.0573691781  0.0009607143
 0.9375293179  0.7232069932 -0.3268942834  0.0078780276  0.7309582890  0.0000000000  0.0000000000
 4.1455455881  0.2387984948 -0.1025145822  0.0000000000  0.0469156264  0.0000000000  0.0000000000
 1 0 0 8 4
 0.0600000000  0.0000000000  0.0000000000  0.0000000000 -0.7331945652
 0.1612781387  0.1940248436  0.5693922643  0.7962287064 -0.1230476831
 0.5237720813 -0.0967834490  0.8188434491 -0.5581181566  1.2977958241
 3.1765280065  0.5702050949 -0.0602785487 -0.1163022832  0.0451298354
10.5019071219  0.7366144169 -0.0103553210 -0.1500590039  0.0000000000
40.8052342714  0.2827297127  0.0391219183 -0.1209099414  0.0000000000
186.2709216006  0.0727577956 -0.0038701481  0.0312678869  0.0000000000
1238.3942641918 -0.0047840654  0.0012714691 -0.0536949721  0.0000000000

N aug-SZV-MOLOPT-ae
       2
1 0 0 3 1
99.1061689600  0.1543289673
18.0523123900  0.5353281423
 4.8856602380  0.4446345422
1 0 2 4 2 2 1
 0.1120121090  0.0000000000  0.0382351420  0.0000000000  0.0399584300 -0.0010061836
 0.2857143744  0.7001154689 -0.0428941139  0.3919573931 -0.0250359457  0.0999980758
 0.8784966449  0.3995128261 -0.0458813693  0.6076837186  0.0016038481 -0.0033697752
 3.7804558790 -0.0999672292 -0.0000681417  0.1559162750  0.0000279747  0.0106305030

N aug-DZVP-MOLOPT-ae
       2
 1 0 0 7 3
 0.1910119193 -0.0184068349  0.4972632231  0.8673615424
 0.6666291294  0.0360183764  0.8648893334 -0.4945089009
 4.4034873340 -0.5815522532  0.0054638531 -0.0200461138
14.6513802578 -0.7560955608  0.0001027085 -0.0106274937
57.6920264439 -0.2910568862  0.0669817373 -0.0503673509
257.9975536030 -0.0607027610 -0.0129122509  0.0096188478
1713.0544334223 -0.0090226711  0.0035474402 -0.0008480145
 2 0 3 5 1 3 2 1
 0.0600000000 -0.1120884169  0.0000000000  0.0000000000 25.2361005283  0.0000000000 -0.0751575363  0.2417283251
 0.1663837891  0.0202608714 -0.2876972196  0.9571313461 15.5927217363  0.3333865030 -0.0435112317  4.5797330690
 0.6340732214 -0.0110162149 -0.8341822980 -0.2338577857 -2.1391301532  0.9182613046 -0.0085830293  5.8592811441
 2.3253539316  0.0000000000 -0.4601868599 -0.1689102786  0.0000000000  0.2136212484  0.0000000000  1.6180339740
12.2681736535  0.0000000000 -0.0979706977 -0.0260660726  0.0000000000 -0.0039469306  0.0000000000  0.0000000000

O aug-SZV-MOLOPT-ae
       2
1 0 0 3 1
130.709321400  0.1543289673
 23.808866050  0.5353281423
  6.443608313  0.4446345422
1 0 2 4 2 2 1
 0.1624916150  0.0000000000  3.4621128858  0.0000000000  0.1443111927 -0.0497158017
 0.3803889600  0.7001154689  1.9899999845  0.3919573931 16.4795006304  0.1125702692
 1.1695961250  0.3995128261 -0.0002687660  0.6076837186  0.0074236090  0.0086540273
 5.0331513190 -0.0999672292 -0.1953504334  0.1559162750  0.0060011727  0.0038938323

O aug-DZVP-MOLOPT-ae
       2
 1 0 0 7 3
 0.2933384349 -0.0078174388  0.6061312057  0.7946688541
 0.9418830416  0.1583173734  0.7831404504 -0.5918461680
 5.9465384005 -0.5840207871  0.0676448442 -0.0655152912
19.6926039452 -0.7466543830  0.0727513962 -0.0477845343
76.9281426599 -0.2683985575  0.0966356731 -0.1031498937
340.9033251496 -0.0649692043 -0.0083864340  0.0278970138
2266.1188267982 -0.0065319516  0.0043151178 -0.0150255386
 2 0 3 5 1 3 2 1
 0.0900000000  3.8960330844  0.0000000000  0.0000000000  1.2600410666  0.0000000000 -0.2726928305  1.9205566433
 0.1919364243 -0.3564384680  0.1736200371  0.9847640475  2.9466498963  0.4080307551  0.1349124934  2.0317766817
 0.7500679544  0.3914278170  0.8358591331 -0.1433919212  0.4244463721  0.8944199278  0.6118908531  1.1068116956
 2.9079774579  0.0000000000  0.5107327224 -0.0949942456  0.0000000000  0.1829054096  0.0005181230 -0.4544377173
16.3686861424  0.0000000000  0.1017235397 -0.0255855612  0.0000000000  0.0083370671  0.0000000000  0.0000000000
